3.122488536829371952e+01 3.715980066019106687e+01 4.400548501919560351e+01 5.189529320032585247e+01 6.003004400166111765e+01 6.808375824293824508e+01 7.552679113132742827e+01 8.189963989594912164e+01 8.814109156407357659e+01 9.472398715128261415e+01 1.000000000000000000e+02 9.525941483155688161e+01 8.871703807005016529e+01 8.227225108923693142e+01 7.598631690798225691e+01 6.988835985251598970e+01 6.400109854409181764e+01 5.834097533617188702e+01 5.292250368789057546e+01 4.775718715921476587e+01 4.285546195803513569e+01 3.822439905685845218e+01 3.386991658055381293e+01 2.979596276274311251e+01 2.600571422750845940e+01 2.250000163182260948e+01 1.927820414240881775e+01 1.633814910096892348e+01 1.367682060902061281e+01 1.128820524070189890e+01 9.166553830648293655e+00
2.975468076347454982e+01 3.688946589212732619e+01 4.443978845006400746e+01 5.220509181157966339e+01 5.986899884498613034e+01 6.695056117092332215e+01 7.308224308166666106e+01 7.951164377116664639e+01 8.632391864029926865e+01 9.320601664693090527e+01 9.975217069509486123e+01 9.658231796742657593e+01 8.998447831807074238e+01 8.347282357095896543e+01 7.712066922513032807e+01 7.095648006866109370e+01 6.500087221410301197e+01 5.927164670312446759e+01 5.378268994168566763e+01 4.854596792477671130e+01 4.357299305504471931e+01 3.887087356535985094e+01 3.444658290718268745e+01 3.030518441358614012e+01 2.644957607870293970e+01 2.288132232831253532e+01 1.960058465964533525e+01 1.660587660543951927e+01 1.389339644606199009e+01 1.145871780569411769e+01 9.295790622018785143e+00
2.962035795048218034e+01 3.672842953052020221e+01 4.404449653385261598e+01 5.125743038761589077e+01 5.791700573822738107e+01 6.388705382341272809e+01 7.067155373202824364e+01 7.767312019968186121e+01 8.472744466374810202e+01 9.175805131761765665e+01 9.859439227629637514e+01 9.788804760386166492e+01 9.126067482630483596e+01 8.468396113119392510e+01 7.826269087683024850e+01 7.202749872039947832e+01 6.599993760651217656e+01 6.019815030656163657e+01 5.463614845585338742e+01 4.932592709225339433e+01 4.428000056924243921e+01 3.950612444301809489e+01 3.501221304971190307e+01 3.080253659755388540e+01 2.688170955886044311e+01 2.325160389689742146e+01 1.991230958835074105e+01 1.686350005180243983e+01 1.410155522534656214e+01 1.162204149129991748e+01 9.418873054590060079e+00
2.883736930431478740e+01 3.561069145242199596e+01 4.230776997070218926e+01 4.849296036763794149e+01 5.483855444253378408e+01 6.182395939114178418e+01 6.892677784658040707e+01 7.608549705262200291e+01 8.324681271601205879e+01 9.036489534650617372e+01 9.733576525935761481e+01 9.911571047281505287e+01 9.252409625905632140e+01 8.588413700677453733e+01 7.939303000677388411e+01 7.308734678489241787e+01 6.698677925491260510e+01 6.111054708931711588e+01 5.547419953654577540e+01 5.009057472291627278e+01 4.497145505260484555e+01 4.012596071365527450e+01 3.556166178904830133e+01 3.128505962184850020e+01 2.729952119032595803e+01 2.360883633566634998e+01 2.021225497639019864e+01 1.711051540555815720e+01 1.430018309854298408e+01 1.177705550235114096e+01 9.535502120638438939e+00
2.705011919883466476e+01 3.315790852960971336e+01 3.933457500163834197e+01 4.612694808221981901e+01 5.310040665390731363e+01 6.020304544253703227e+01 6.738835492441749864e+01 7.461353013241080134e+01 8.183776498840295233e+01 8.901846589347262295e+01 9.607958051902700447e+01 1.000000000000000000e+02 9.375989410156022075e+01 8.706180874975963491e+01 8.050337342584286660e+01 7.412581772446817752e+01 6.795262993148102737e+01 6.200307957067343523e+01 5.629243782990656086e+01 5.083554893305295508e+01 4.564288317580918175e+01 4.072685189768917269e+01 3.609321460811067084e+01 3.175013219299106382e+01 2.770145849841201269e+01 2.395094557364492260e+01 2.049884719980979852e+01 1.734577663174262696e+01 1.448857641152682163e+01 1.192362880919389845e+01 9.645139249706957685e+00
2.488694211855305838e+01 3.117858633020251702e+01 3.776660020197785173e+01 4.458971445854622573e+01 5.159328713557126633e+01 5.872869410013559133e+01 6.594950125990727940e+01 7.321558586589686968e+01 8.048513482040085876e+01 8.771813808491032205e+01 9.485062468999632301e+01 1.000000000000000000e+02 9.495672805215210133e+01 8.820803976874846342e+01 8.158379527428007805e+01 7.513553013467783614e+01 6.889087224261530196e+01 6.286807365049917706e+01 5.708483335059795394e+01 5.155501454376150150e+01 4.629115195422557605e+01 4.130483727369379210e+01 3.659930503095073817e+01 3.215741995845134937e+01 2.804603583250928622e+01 2.423625853617827985e+01 2.072796872253639577e+01 1.752162672532152499e+01 1.462632815641878814e+01 1.204929585200799025e+01 9.747436445132407812e+00
2.356869571331311519e+01 2.981274024776603326e+01 3.637342909252153333e+01 4.318469713692047662e+01 5.018971684292561264e+01 5.733786334625277448e+01 6.458134404334545309e+01 7.187751948782475608e+01 7.918663831967577948e+01 8.646562235771136784e+01 9.365834703345102241e+01 1.000000000000000000e+02 9.610827254809510123e+01 8.931672024553772360e+01 8.262841427319938248e+01 7.611254049179105152e+01 6.979695738848002406e+01 6.370269733077006435e+01 5.784719709745793637e+01 5.222244820430275070e+01 4.688911397761297195e+01 4.183501171575435507e+01 3.706853354714561277e+01 3.261024184436072204e+01 2.844738509287462236e+01 2.458088225931427218e+01 2.101281194234796601e+01 1.774504038910426118e+01 1.479393847651069294e+01 1.214224250759552426e+01 9.819900303002492947e+00
2.235446561940505106e+01 2.854373425472347492e+01 3.506775575045575266e+01 4.185975077818024914e+01 4.885947484405521379e+01 5.601344465021412589e+01 6.327380429857978328e+01 7.059721184953731665e+01 7.794033364347787085e+01 8.526202531602196188e+01 9.250936460803136185e+01 9.940383402127585555e+01 9.720227198248851153e+01 9.038288323019375525e+01 8.363318976024942231e+01 7.705009765392082954e+01 7.065463849266969021e+01 6.449025747046587753e+01 5.857375829921356569e+01 5.291087287110210013e+01 4.750944086267663380e+01 4.238923755253247805e+01 3.755914571213750008e+01 3.302778450029246926e+01 2.880138341419150549e+01 2.488372273902864507e+01 2.127751326692738232e+01 1.798308297568726033e+01 1.498762529645803987e+01 1.227135207565355302e+01 9.881259813356502164e+00
2.121071156760620013e+01 2.734414835463998372e+01 3.383132515254055050e+01 4.060093430103570711e+01 4.759270598105287320e+01 5.475082826525704860e+01 6.202655869860329574e+01 6.937283121663060115e+01 7.674882088356403642e+01 8.411111248806905394e+01 9.141037540611370105e+01 9.847449656998729495e+01 9.822580789803548384e+01 9.139911937644492923e+01 8.459056278463710044e+01 7.794776921750182908e+01 7.149680184966291563e+01 6.526462631616523424e+01 5.927140247814677565e+01 5.353435204437796102e+01 4.806664116808536846e+01 4.288188898631671009e+01 3.799061667786583030e+01 3.340105206794004999e+01 2.911952804362359970e+01 2.515083310290717833e+01 2.149788523659816875e+01 1.816046516370935038e+01 1.513831018390389183e+01 1.242186511524834280e+01 9.969036313104773228e+00
2.013099310212681559e+01 2.620879208124755522e+01 3.265797364859931662e+01 3.940558592490748424e+01 4.638831964769828176e+01 5.354921061941168858e+01 6.083828254805963098e+01 6.820787063976617048e+01 7.561522652767168040e+01 8.301261191663374461e+01 9.036139609902842551e+01 9.753233309916163307e+01 9.914799979281863784e+01 9.236910830868903588e+01 8.550618446894124247e+01 7.879623484566575087e+01 7.227946260087148289e+01 6.598056084339151539e+01 5.992200520131631691e+01 5.411944801163357255e+01 4.858854270252924579e+01 4.334232469128114218e+01 3.839219439890179331e+01 3.374678220071432122e+01 2.941311950958591837e+01 2.539629334302967578e+01 2.169929207676042182e+01 1.832233881549744225e+01 1.526426116405138522e+01 1.252186044149411437e+01 1.006552702426909462e+01
1.911306085657896858e+01 2.513657452759818867e+01 3.154864181300937176e+01 3.827415535908031075e+01 4.524757596737340748e+01 5.240848307299366127e+01 5.971014005087877763e+01 6.710559751284104379e+01 7.454370497246831917e+01 8.198221306966256350e+01 8.937511344500913424e+01 9.662157402192390521e+01 9.987350424753832101e+01 9.327946423995119574e+01 8.636458300042131953e+01 7.959379274073273791e+01 7.301402638064489281e+01 6.665194342529647997e+01 6.052891633366741786e+01 5.466347064263095490e+01 4.907209612960732414e+01 4.376729214944561619e+01 3.876131816609426295e+01 3.406313546642248014e+01 2.968089028608648050e+01 2.561857887438414494e+01 2.188037396514193134e+01 1.846652688557637134e+01 1.537624477865621131e+01 1.260569196768642719e+01 1.014937749021533975e+01
1.815889885196656550e+01 2.412730619392772269e+01 3.050281767260261034e+01 3.721005647466537880e+01 4.417484785573778794e+01 5.134180028209244995e+01 5.865621997514610797e+01 6.607030776578586995e+01 7.353647127949338369e+01 8.101191761524279400e+01 8.844977475251272381e+01 9.576124585942264389e+01 1.000000000000000000e+02 9.412896177912944040e+01 8.716594078841987425e+01 8.033675090437931487e+01 7.369601418111157898e+01 6.727346017892872965e+01 6.108927753181496456e+01 5.516422390816638455e+01 4.951519563019062531e+01 4.415500997921787274e+01 3.909641251969762266e+01 3.434915838618768191e+01 2.992081711383065468e+01 2.581691068604749972e+01 2.204062049928520040e+01 1.859332907945178093e+01 1.547320819632909128e+01 1.267741544438265677e+01 1.020007310528622213e+01
1.727093217823592042e+01 2.318901581274990065e+01 2.953010463947436293e+01 3.621393100703144086e+01 4.317132379308612400e+01 5.034172567320912606e+01 5.766891246019800832e+01 6.510409714863754971e+01 7.260023327260020665e+01 8.011095590264220334e+01 8.759071572024321028e+01 9.496123314620567157e+01 1.000000000000000000e+02 9.491274378659596778e+01 8.790621673724045593e+01 8.102125338337313565e+01 7.432286555660219562e+01 6.784162585739848339e+01 6.160027797801627969e+01 5.561882220928708875e+01 4.991511433567227130e+01 4.450305232297476721e+01 3.939524742007489522e+01 3.460219908749180462e+01 3.013198162129629054e+01 2.598982227738413542e+01 2.217956503065415674e+01 1.870143190738880890e+01 1.555549630052941446e+01 1.273750193461392577e+01 1.024155401007579336e+01
1.645076533975798938e+01 2.231900193819539169e+01 2.862708437294644170e+01 3.529194974582276956e+01 4.224249325298898583e+01 4.941618882917017430e+01 5.675688013155624390e+01 6.421353012815067984e+01 7.173785403899384505e+01 7.928422773466364504e+01 8.680420434702143950e+01 9.422688032274247405e+01 1.000000000000000000e+02 9.562615247817460329e+01 8.858069751053608343e+01 8.164382814403099076e+01 7.489035111855262983e+01 6.835346860352598242e+01 6.205827060852649169e+01 5.602412278291336634e+01 5.026924335595121107e+01 4.480912794480326511e+01 3.965693318000520406e+01 3.482161590584603772e+01 3.031328062052701711e+01 2.613651070691663847e+01 2.229520519177189541e+01 1.879125171861026899e+01 1.562166940498103074e+01 1.278411118013131897e+01 1.027287615707794899e+01
1.570224881858927013e+01 2.152323692197012406e+01 2.780001920300596652e+01 3.444802887550793002e+01 4.139295935531578152e+01 4.857146691094498436e+01 5.592584998216252501e+01 6.340310731659434396e+01 7.095555462473308239e+01 7.853522346690677125e+01 8.609450793543307157e+01 9.356549816383359541e+01 1.000000000000000000e+02 9.626496384547378682e+01 8.918685041883134090e+01 8.220049313692101123e+01 7.539493936865046919e+01 6.880669310714750964e+01 6.246068922692762726e+01 5.637764156936108861e+01 5.057641355943422923e+01 4.507173670207996707e+01 3.987830147464448771e+01 3.500601126444890809e+01 3.046321688065214417e+01 2.625641530062969764e+01 2.238855654141859119e+01 1.886084695775158693e+01 1.567207971989054194e+01 1.281863605239948001e+01 1.029413991768344161e+01
1.502793785047126285e+01 2.080536656599651835e+01 2.705444983764867573e+01 3.368709996105578597e+01 4.062786412685155568e+01 4.781187674205696680e+01 5.518028219965553660e+01 6.267871031996836706e+01 7.025826461490231623e+01 7.787053259894925361e+01 8.546703666022310131e+01 9.298250368454927184e+01 9.988574022411394537e+01 9.682528698524164668e+01 8.971998462239467642e+01 8.268742713208422401e+01 7.583353799053354294e+01 6.919758399981121499e+01 6.280439660688821135e+01 5.667717556367737330e+01 5.083291734772488013e+01 4.528961945790616994e+01 4.005921061820032492e+01 3.515326457155977380e+01 3.058121914097145932e+01 2.634822457136510820e+01 2.245714778707974446e+01 1.891026996515061853e+01 1.570549428376404322e+01 1.283960920548722306e+01 1.030559414202688551e+01
1.443214280933974258e+01 2.017024566582423972e+01 2.639480633598717674e+01 3.301439069855350539e+01 3.995327188513725503e+01 4.714384887237519450e+01 5.452657167184015918e+01 6.204630278339250538e+01 6.965204417320325092e+01 7.729447837169273328e+01 8.492743152943886287e+01 9.248299104894350364e+01 9.957507788810647753e+01 9.730183218939514234e+01 9.017522713363737807e+01 8.310033077021286374e+01 7.620222173002872523e+01 6.952205981052600237e+01 6.308701774348688218e+01 5.691930923702888379e+01 5.103765195158735679e+01 4.545922160723082328e+01 4.019754822719880849e+01 3.526295443819844877e+01 3.066534232443828145e+01 2.640993083221447790e+01 2.250105686419160378e+01 1.893921486096870055e+01 1.572245791141658700e+01 1.284719989581421018e+01 1.030694838272938618e+01
1.391850552604051394e+01 1.962247769414562271e+01 2.582613747196224097e+01 3.243635348847014654e+01 3.937502974938568912e+01 4.657389082670601255e+01 5.397080897696435642e+01 6.151056980356160153e+01 6.914197998842013249e+01 7.681597101300995689e+01 8.448130561221350376e+01 9.207482608282690251e+01 9.927597724529380230e+01 9.769153315924921799e+01 9.054926212876021907e+01 8.343539863643985655e+01 7.649755908052840425e+01 6.977848953688562972e+01 6.330567623370009045e+01 5.710249196207689693e+01 5.118845588146395897e+01 4.558107948865240644e+01 4.029163713985839479e+01 3.533299011630336395e+01 3.071577615991433063e+01 2.644314769032349943e+01 2.251967826141618900e+01 1.894668992592794154e+01 1.572197465508654624e+01 1.284106605357580122e+01 1.029749721004863439e+01
1.349155970342965638e+01 1.916725066963881474e+01 2.535512685400627220e+01 3.195856687764596771e+01 3.889949745761940392e+01 4.610682614249732580e+01 5.351936403936142028e+01 6.107995927819482773e+01 6.873605732533579271e+01 7.643678613325050719e+01 8.413351230202427189e+01 9.176007813752006825e+01 9.903545136952986638e+01 9.799266678993937774e+01 9.083708619615357804e+01 8.368879280961627387e+01 7.671620123421467952e+01 6.996293473724887235e+01 6.345757594673651170e+01 5.722498913263005704e+01 5.128355843946792447e+01 4.565112602533273645e+01 4.034025292863449152e+01 3.536291631459330631e+01 3.073022017549283902e+01 2.644585702847458464e+01 2.251327293399101137e+01 1.893285037404331916e+01 1.570413389988647523e+01 1.282137619780174731e+01 1.027814849309153189e+01
1.315643597333724379e+01 1.881071559262021964e+01 2.498719738046025896e+01 3.158900010270216896e+01 3.853367745076091921e+01 4.575145528007240614e+01 5.317991237927187598e+01 6.076022410689587616e+01 6.843893747100628389e+01 7.616658710562283829e+01 8.388993375369697958e+01 9.154709916223524147e+01 9.887047302147837513e+01 9.820195525885648635e+01 9.103584944788312328e+01 8.385742486859344069e+01 7.685455717555959154e+01 7.007218775101242159e+01 6.354169369922488642e+01 5.728353073628667147e+01 5.131979382308649207e+01 4.566808134403002128e+01 4.034187392275605788e+01 3.535292794139974859e+01 3.070968585203139867e+01 2.641711210793227238e+01 2.248012635732813536e+01 1.889777807005833665e+01 1.566894863684142791e+01 1.278813003160134087e+01 1.024773085879413514e+01
1.291876758516323775e+01 1.855948202613982900e+01 2.473055445209702086e+01 3.133261148111230554e+01 3.828476256349985363e+01 4.551503995890320198e+01 5.295869558992158943e+01 6.055749424479189003e+01 6.825795911139630334e+01 7.600912560691301678e+01 8.375726270953983033e+01 9.143936350652666079e+01 9.879357696820957813e+01 9.831914778108324526e+01 9.114000468128590171e+01 8.393720584195676793e+01 7.691042325763508813e+01 7.010518231738859640e+01 6.355329218641527689e+01 5.727640113422005896e+01 5.129763662986780304e+01 4.563298271752251623e+01 4.029595720723045105e+01 3.530007681882547388e+01 3.065201492779745607e+01 2.635802109732566834e+01 2.242071645924919210e+01 1.884101915657763016e+01 1.561613993321766536e+01 1.274067424292770667e+01 1.020713673718836034e+01
1.278515965305915358e+01 1.842085947442362226e+01 2.459232734157382794e+01 3.120039585387501901e+01 3.816167808029319275e+01 4.540437693464962621e+01 5.286347214964546026e+01 6.048085398707267046e+01 6.820108992541995008e+01 7.597190574722927181e+01 8.374112907215315715e+01 9.144248523620017011e+01 9.880891471134384574e+01 9.834124193298154637e+01 9.114746750158721511e+01 8.392490275141908285e+01 7.687880621434787543e+01 7.005685587251291224e+01 6.349014960129473195e+01 5.720203906822733586e+01 5.121409566643934852e+01 4.554315446548340418e+01 4.020210810908159260e+01 3.520472559708761651e+01 3.055754022405495718e+01 2.626670346361742503e+01 2.233502766242839854e+01 1.876192445535818010e+01 1.554514824620942903e+01 1.267917642009584966e+01 1.015606917064592096e+01
1.276325262200764854e+01 1.840280293415725765e+01 2.458155512864759373e+01 3.119933276020877599e+01 3.817206718444658975e+01 4.542860425669490354e+01 5.290322096497241944e+01 6.053646041811926182e+01 6.827314228828036846e+01 7.606121315638223734e+01 8.384669227745855835e+01 9.156255495805132227e+01 9.892147255710891329e+01 9.826604022885577194e+01 9.105319541412858086e+01 8.381480594561520547e+01 7.675752680223095581e+01 6.992623210547638735e+01 6.335148795394908205e+01 5.705839428567205118e+01 5.106836873859428039e+01 4.539701848189127276e+01 4.005921449682535496e+01 3.506590844796052409e+01 3.042525274171128302e+01 2.614347523811041540e+01 2.222202570771443320e+01 1.866100350224836291e+01 1.545665145837029542e+01 1.260429955341070318e+01 1.009434733989449384e+01
1.286132534549258111e+01 1.851483215224818224e+01 2.470660393947461486e+01 3.133769692325796186e+01 3.832472901013009903e+01 4.559570832241377758e+01 5.308439753059816724e+01 6.073254714126330356e+01 6.848291774237291918e+01 7.628344136480190230e+01 8.408063893550200874e+01 9.180305657773548944e+01 9.913008531827981074e+01 9.808795558343206267e+01 9.085383849317506133e+01 8.360842996347936662e+01 7.654560212279868381e+01 6.971088289362148771e+01 6.313508132133883777e+01 5.684448686619274582e+01 5.085975723161168816e+01 4.519424916795733793e+01 3.986582397452309579e+01 3.488363779318110858e+01 3.025616195533686792e+01 2.598838419234473918e+01 2.208226794628522782e+01 1.853755249956179441e+01 1.535042314418962839e+01 1.251488131552054384e+01 1.002195733308330894e+01
1.308946584959995718e+01 1.876661460556861982e+01 2.497825455392283089e+01 3.162714756505321390e+01 3.862962745413474863e+01 4.591528764294088205e+01 5.341674675330716582e+01 6.107554673104873189e+01 6.883658893569375437e+01 7.664510191451225296e+01 8.444685801817691129e+01 9.217185418525298246e+01 9.942192792146923352e+01 9.780199056204440922e+01 9.054551863334701522e+01 8.329912162504615480e+01 7.623742359396410961e+01 6.940765254941810269e+01 6.284048258131333142e+01 5.655912447392523745e+01 5.058485987654641747e+01 4.493521931756190213e+01 3.962216534490088549e+01 3.465764204386015024e+01 3.004914972787205940e+01 2.580105704690761570e+01 2.191610552864846539e+01 1.839229945373855912e+01 1.522693610329339720e+01 1.241199800039388634e+01 9.939681531623500987e+00
1.345840985495962983e+01 1.916832244050613454e+01 2.540654613910913184e+01 3.207604961631734852e+01 3.909632680034257390e+01 4.639477994952758877e+01 5.390722041181839330e+01 6.157470233516575320e+01 6.934005679107927733e+01 7.715176546716045891e+01 8.495311114405168951e+01 9.266749062397256864e+01 9.976775501857494532e+01 9.740032640022158716e+01 9.012575578563716761e+01 8.288611340034462671e+01 7.583423326842022050e+01 6.901688975328669073e+01 6.246537511083837302e+01 5.620115235119993713e+01 5.024685879952340883e+01 4.461799467074172298e+01 3.932781707489662182e+01 3.438714342583870831e+01 2.980367919495321516e+01 2.558207787179938109e+01 2.172305627492271540e+01 1.822541498729810527e+01 1.508546840825096780e+01 1.229550431158535950e+01 9.847017892389864357e+00
1.398025489617085171e+01 1.973169188143281261e+01 2.600153793815660563e+01 3.269514209218120726e+01 3.973263116008848073e+01 4.704360430447488284e+01 5.456430691725506676e+01 6.223550805450415169e+01 7.000194905552959312e+01 7.780961414516090713e+01 8.560147688266044952e+01 9.329667787940805113e+01 1.000000000000000000e+02 9.687696521241220182e+01 8.959169711211397669e+01 8.236540831417428876e+01 7.533269148092107059e+01 6.853699040549969368e+01 6.200797165113177556e+01 5.577053601897692658e+01 4.984287191326818345e+01 4.424312004948329502e+01 3.898331408732078529e+01 3.407370788912972159e+01 2.952144146876093345e+01 2.533077016723732555e+01 2.150375370056918456e+01 1.803687614865307864e+01 1.492667199877828565e+01 1.216559186520609259e+01 9.744364186192044031e+00
1.466758856761574137e+01 2.046894718152361037e+01 2.677459955574995476e+01 3.349406575260862695e+01 4.054893531549892316e+01 4.787002217157139938e+01 5.539483245819523916e+01 6.306549764940183422e+01 7.082529766353344769e+01 7.862161904942503554e+01 8.639588440780086387e+01 9.406050820641863197e+01 1.000000000000000000e+02 9.622901026814929537e+01 8.894197209813610527e+01 8.173792899225837516e+01 7.473195996439471855e+01 6.796582666436817988e+01 6.146985309517442886e+01 5.526572174210691912e+01 4.937350582512950581e+01 4.381010292487403746e+01 3.858780747710022041e+01 3.371591202554293432e+01 2.920190709284918995e+01 2.504887176403145332e+01 2.125800765456213881e+01 1.782701946190831066e+01 1.475138533589205281e+01 1.202286031976225189e+01 9.631910784638286316e+00
1.553340919167894896e+01 2.139146759576419043e+01 2.773701190666720962e+01 3.448261671248125282e+01 4.155310224802705221e+01 4.888133747178154920e+01 5.640556220033366230e+01 6.406811973592513709e+01 7.181561798246175954e+01 7.959231558751137925e+01 8.734115163339762944e+01 9.495884290544660189e+01 1.000000000000000000e+02 9.544994560310723841e+01 8.817299679638388454e+01 8.100142914463472721e+01 7.403097849735344482e+01 6.730477788407532103e+01 6.084953335709585076e+01 5.468825683518709013e+01 4.884010809992101088e+01 4.332099821561106978e+01 3.814282307698719876e+01 3.331581908242884538e+01 2.884545961547699733e+01 2.473559921166511444e+01 2.098683228335875839e+01 1.759653432295573694e+01 1.455920267127053336e+01 1.186713854751028130e+01 9.509481506575056642e+00
1.659123784438057925e+01 2.251077774248860663e+01 2.889762270160878188e+01 3.566937773793056010e+01 4.275319697328032476e+01 5.008504762361476281e+01 5.760239422768420781e+01 6.525076642790853043e+01 7.297585280781665062e+01 8.072520161657712379e+01 8.843802171057497219e+01 9.598894594606781538e+01 1.000000000000000000e+02 9.454073556565217018e+01 8.728416146597648151e+01 8.015468659774285243e+01 7.323182929598841895e+01 6.655335091969871542e+01 6.014809381066577032e+01 5.403805220906481566e+01 4.824144534272218010e+01 4.277419638987164063e+01 3.764848720082329692e+01 3.287266177219998298e+01 2.845267933605380861e+01 2.439222644229380776e+01 2.069069040202876764e+01 1.734578546339709959e+01 1.435085980068295797e+01 1.169851093830871491e+01 9.378036255082133010e+00
1.785295140139857750e+01 2.383668810267876026e+01 3.026557332730057581e+01 3.706177001212125077e+01 4.415496446029170130e+01 5.148345614498415301e+01 5.898826471726670206e+01 6.661484738836496433e+01 7.431020718409422443e+01 8.202204114942213664e+01 8.968597761548602421e+01 9.713806231267231794e+01 1.000000000000000000e+02 9.349842116331565478e+01 8.627740341192861706e+01 7.919781660139636870e+01 7.233128617282180528e+01 6.571118028006819145e+01 5.936557102548767517e+01 5.331540917619306441e+01 4.757946700472792401e+01 4.217244516099979279e+01 3.710543420181053875e+01 3.238792504460188582e+01 2.802546582298042210e+01 2.401909614519598435e+01 2.036996240617870058e+01 1.707463056020171877e+01 1.412696613795441181e+01 1.151792884077136314e+01 9.237341111412000316e+00
1.932879411182237916e+01 2.537769093367317907e+01 3.184779622305794433e+01 3.866420255663430794e+01 4.576259058734179774e+01 5.308180727868647608e+01 6.056623043633524617e+01 6.816283344660485000e+01 7.581919166276233568e+01 8.348207839439402278e+01 9.108382646215702039e+01 9.837865722955758940e+01 9.928470829502926165e+01 9.232415722331384700e+01 8.515096088930816620e+01 7.813438875898944502e+01 7.133317178929441127e+01 6.478078988556383422e+01 5.850365057587008977e+01 5.252288818874863807e+01 4.685507416359825328e+01 4.151609032417127310e+01 3.651569951280069404e+01 3.186321051581128927e+01 2.756294357407556106e+01 2.361691411753823644e+01 2.002567861014264849e+01 1.678420117836457592e+01 1.388723002134258877e+01 1.132551197425080147e+01 9.087980635742177071e+00
2.102655320998607635e+01 2.714020518560369410e+01 3.364748255496081697e+01 4.048075404342000638e+01 4.757723744931847421e+01 5.488066387911052857e+01 6.233707158480083166e+01 6.989395329974495041e+01 7.750133602613861683e+01 8.510506848259829837e+01 9.262791757487420341e+01 9.959807145035706810e+01 9.809077204695356045e+01 9.102053717662809618e+01 8.390819917154571783e+01 7.696484588390117665e+01 7.023863536759020576e+01 6.376418003287820113e+01 5.756458223014617914e+01 5.166070955760693550e+01 4.607054543606376740e+01 4.080649162990386003e+01 3.588056161346086270e+01 3.129919285372201188e+01 2.706812018014098697e+01 2.318760296242193775e+01 1.965832396709246055e+01 1.647582342273273781e+01 1.363305076082797029e+01 1.112186020411520815e+01 8.929661691005208013e+00
2.295058159667203768e+01 2.912518189167014881e+01 3.566620149988970212e+01 4.251026955471884605e+01 4.959913729416732053e+01 5.687841582639090632e+01 6.429726944822188273e+01 7.180550202557911632e+01 7.935289608936919592e+01 8.688571026699156619e+01 9.430919247052567300e+01 1.000000000000000000e+02 9.667097144394939789e+01 8.958867487238751437e+01 8.255005526854274933e+01 7.568953955678182410e+01 6.905103620964612787e+01 6.266257211377228487e+01 5.655013656957659407e+01 5.073270083570771050e+01 4.522764974158565110e+01 4.004648362378802062e+01 3.520052229097871788e+01 3.069715342432899519e+01 2.654034561170523077e+01 2.273133638509138166e+01 1.926938058149313449e+01 1.614923933547589741e+01 1.336502771053698169e+01 1.090692761037020908e+01 8.763765960723834070e+00
2.510176729144856367e+01 3.133253503938110285e+01 3.790183978792822472e+01 4.475028716126679740e+01 5.182433047349475430e+01 5.907250801434076237e+01 6.644467934827984834e+01 7.389372354070333415e+01 8.137127312603770690e+01 8.881889633210930413e+01 9.610885113936330981e+01 1.000000000000000000e+02 9.507897547689016449e+01 8.803422653892023675e+01 8.108276230444559474e+01 7.431562903639536444e+01 6.777116654693729458e+01 6.147992330117504167e+01 5.546320288653885200e+01 4.974019760697273540e+01 4.432723774573113928e+01 3.923622076395144376e+01 3.447890976728296408e+01 3.005882348377619806e+01 2.598240270954612541e+01 2.224983357606821244e+01 1.885892023507620507e+01 1.580624825345452500e+01 1.308347107645237983e+01 1.068197753008637285e+01 8.590223466613489123e+00
2.747515586521529585e+01 3.375709731519113177e+01 4.034806172813378566e+01 4.719472706138822105e+01 5.424557665672491424e+01 6.145292323558100378e+01 6.877052934488206404e+01 7.615144538352940629e+01 8.354714561466904854e+01 9.089416358160836751e+01 9.798217066524667018e+01 9.984546171870063347e+01 9.333822615803096312e+01 8.636103846794094352e+01 7.950721351972431705e+01 7.284375433009354595e+01 6.640525043825221019e+01 6.021927929153143566e+01 5.430677755534822637e+01 4.868709965702292664e+01 4.337381203741311708e+01 3.838080510918442201e+01 3.371617115301338430e+01 2.938647536089883516e+01 2.539599174594935249e+01 2.174388392103315937e+01 1.842900558841818892e+01 1.544658497383777274e+01 1.278929911002647479e+01 1.044752815858974770e+01 8.408969936780241738e+00
3.006333739535964611e+01 3.638917429049375585e+01 4.299590668644914615e+01 4.983305636114783255e+01 5.685380782397639621e+01 6.401255100141145249e+01 7.126614270533788442e+01 7.856896015723673088e+01 8.587194050894021302e+01 9.309785134312589605e+01 9.972330489248319907e+01 9.827088825692631247e+01 9.146395676347465553e+01 8.457669518278807175e+01 7.783136302853257860e+01 7.128108854333005695e+01 6.495732533132165543e+01 5.888546974220819408e+01 5.308553972911222729e+01 4.757559079417566750e+01 4.237013336611445169e+01 3.748120102332649139e+01 3.291592644894762998e+01 2.868212710425714818e+01 2.478185926028520925e+01 2.121568615176045824e+01 1.798060701020206409e+01 1.507243731424847688e+01 1.248349105888831900e+01 1.020396179635906186e+01 8.221400593089899900e+00
3.285358818698176719e+01 3.921672317264904706e+01 4.583139775461787480e+01 5.265270875693197894e+01 5.963580421704317303e+01 6.673889646321953251e+01 7.392005228407367667e+01 8.113403217782865795e+01 8.833213902330859923e+01 9.540671973833264019e+01 1.000000000000000000e+02 9.628751196291514702e+01 8.946855500544627660e+01 8.268727140274152987e+01 7.606124776207964544e+01 6.963295532176145741e+01 6.343242403131497298e+01 5.748242117324260647e+01 5.180248726965637474e+01 4.641022140099471471e+01 4.131897809414095946e+01 3.653981873974748851e+01 3.208070812969842933e+01 2.794731013435830391e+01 2.414281202990782305e+01 2.066618317699764162e+01 1.751510711896593264e+01 1.468433471271906043e+01 1.216620489137190120e+01 9.951280906899807377e+00 8.027019718773543033e+00
3.582897340182614698e+01 4.222306569260727827e+01 4.884002422037575286e+01 5.563775810966167512e+01 6.257671703361798166e+01 6.961593755239172765e+01 7.671620487679008704e+01 8.383413296445493756e+01 9.091094646085231545e+01 9.775823478676002765e+01 1.000000000000000000e+02 9.411713551062743477e+01 8.736378498857534680e+01 8.070098014953734378e+01 7.420273056630296082e+01 6.790561961880530362e+01 6.183654030764657250e+01 5.601577898543202139e+01 5.046365790031339316e+01 4.519514827297843595e+01 4.022413180162407542e+01 3.556110739533191634e+01 3.121276645769378533e+01 2.718502636988295862e+01 2.347976404741728373e+01 2.009700000670189368e+01 1.703313596195607005e+01 1.428344073456153751e+01 1.183917606863286132e+01 9.691080457026545858e+00 7.826841811175988539e+00
3.897224913115758937e+01 4.538963763619116776e+01 5.200278267207229987e+01 5.877209828544893355e+01 6.566012126825326334e+01 7.262959952944213171e+01 7.964129033881799558e+01 8.665242666531945304e+01 9.358730067368729522e+01 9.985213746927101397e+01 9.835735502743220593e+01 9.181167803842714648e+01 8.515981393126449461e+01 7.862721597864306489e+01 7.226610082101073829e+01 6.610679973850818669e+01 6.017527701409250795e+01 5.449100490957648901e+01 4.907299066975095059e+01 4.393480640749817212e+01 3.908990423282102711e+01 3.454766375027807612e+01 3.031523656597412497e+01 2.639783287522373811e+01 2.279597369906176851e+01 1.951039148667982204e+01 1.653702566088829329e+01 1.387023436057426196e+01 1.150279443956593362e+01 9.423866227697086373e+00 7.621430841118515431e+00
4.226115390942192107e+01 4.869566767608519342e+01 5.529835215118463765e+01 6.203399170318702005e+01 6.886561442296749647e+01 7.575895701309872265e+01 8.267631270154157619e+01 8.956831562487899134e+01 9.631586086303025240e+01 1.000000000000000000e+02 9.596257954179185390e+01 8.939890276887089726e+01 8.286934892325422197e+01 7.647524391454747672e+01 7.025773457609754757e+01 6.424402457053126625e+01 5.845667072302298806e+01 5.291454619348371580e+01 4.763595256953313850e+01 4.263379860539662047e+01 3.791970474618931064e+01 3.350328177017034648e+01 2.939091732278171776e+01 2.558714646038054852e+01 2.209313085131650212e+01 1.890790440165354269e+01 1.602809770870682371e+01 1.344702841473237598e+01 1.115792971994950022e+01 9.149839294585538241e+00 7.411033812250589214e+00
4.567296264169220876e+01 5.212003483158797934e+01 5.870791789976968289e+01 6.540355195105624375e+01 7.217450962921044777e+01 7.898639761561609873e+01 8.580079251830566989e+01 9.255718831571050487e+01 9.895918569001442222e+01 9.952622605725890992e+01 9.337941617714467668e+01 8.689888012340982471e+01 8.050420903511242443e+01 7.425559907189710884e+01 6.818824081780428514e+01 6.232484935604196608e+01 5.668718009046040862e+01 5.129294480400044165e+01 4.615832309713513126e+01 4.129608692313838958e+01 3.671808048051256890e+01 3.243149183908070654e+01 2.844317096721646720e+01 2.475713819628583323e+01 2.137349787760701858e+01 1.829134495951081263e+01 1.550686467328628027e+01 1.301444552853179282e+01 1.080550484213713602e+01 8.870397268960928727e+00 7.196102614757071692e+00
4.918486264721860834e+01 5.563846919832031546e+01 6.220710625590611897e+01 6.885971276904359684e+01 7.556586291274388145e+01 8.229112172722415153e+01 8.899438857956461391e+01 9.557994834140491491e+01 1.000000000000000000e+02 9.703724001435668356e+01 9.069155412825668350e+01 8.432652491232568082e+01 7.807443921422625976e+01 7.197852558049989113e+01 6.606598501467978224e+01 6.035816337062180992e+01 5.487461065783320890e+01 4.963254880353800047e+01 4.464647720607879222e+01 3.992882230650296549e+01 3.548935002036714792e+01 3.133689401205224101e+01 2.747569318680787021e+01 2.390993779134207387e+01 2.063916404202297272e+01 1.766254561562476866e+01 1.497639649720010624e+01 1.257376772114997543e+01 1.044674688534158413e+01 8.585436184784500213e+00 6.977438148902703752e+00
5.277384269570710984e+01 5.922925518623218011e+01 6.577439302845957059e+01 7.238031944898932579e+01 7.901727321076712940e+01 8.565109143304803752e+01 9.222748447202287991e+01 9.851835669097994241e+01 9.993659683923745263e+01 9.422414539712380588e+01 8.792861871633481030e+01 8.169738758962469660e+01 7.559497417664535135e+01 6.965514188106338622e+01 6.390061931976484999e+01 5.835219141141407562e+01 5.302651131082287606e+01 4.794000854128616140e+01 4.310566991916273594e+01 3.853558267149549721e+01 3.423854199471265503e+01 3.022196415561737481e+01 2.649106602243256248e+01 2.304793065949448660e+01 1.989261310130819993e+01 1.702370930586805287e+01 1.443688366477316976e+01 1.212604697929222652e+01 1.008260194462399184e+01 8.296379944726394839e+00 6.755470108715821986e+00
5.641681251981436418e+01 6.287041988438190998e+01 6.938922795590043791e+01 7.594546802078937731e+01 8.250908008055148457e+01 8.904382238870863375e+01 9.546116778430162242e+01 1.000000000000000000e+02 9.744730205570859027e+01 9.130283031276029249e+01 8.511418350520773402e+01 7.902502812731755455e+01 7.307686376286829955e+01 6.729604646329853779e+01 6.170290488252868499e+01 5.631592753077678992e+01 5.115076285991433735e+01 4.622190621584385894e+01 4.154282655501597787e+01 3.712224103221699778e+01 3.296985687717500468e+01 2.909221976870998105e+01 2.549305481306357635e+01 2.217440709828916212e+01 1.913654356939616008e+01 1.637683194938263043e+01 1.389127749993370742e+01 1.167309484582933443e+01 9.714238151469256621e+00 8.003808427869840258e+00 6.530687036896953401e+00
6.009326962231635605e+01 6.653987702118431002e+01 7.302906905078421573e+01 7.953318711707592570e+01 8.602007473076503175e+01 9.244011286629847746e+01 9.856809414403242897e+01 9.996001889340675461e+01 9.444772495735583107e+01 8.832894267953223277e+01 8.226671226463687958e+01 7.632440072095442929e+01 7.053241287502585521e+01 6.491240481139702467e+01 5.948184144596926615e+01 5.425791308758577713e+01 4.925499577063010292e+01 4.448608659172027302e+01 3.996273780626810179e+01 3.569433245401921795e+01 3.168822435908460378e+01 2.795057056376802862e+01 2.448478908895509321e+01 2.129230726626660797e+01 1.837315964673994628e+01 1.572384611045994873e+01 1.334017112944421157e+01 1.121587084012668534e+01 9.342089807258746603e+00 7.708602056214397535e+00 6.303568976546203295e+00
6.377945992840350442e+01 7.021795981700110190e+01 7.667465890114088722e+01 8.312241417816069600e+01 8.952513580800030013e+01 9.579645406054436307e+01 1.000000000000000000e+02 9.733869637880742687e+01 9.135013190339793709e+01 8.532704650519920619e+01 7.939999922906004315e+01 7.360794003594291723e+01 6.797338116974167121e+01 6.251426263376303183e+01 5.724723783367338115e+01 5.218737500335100066e+01 4.734714481359814897e+01 4.273917030977065679e+01 3.837276608336138395e+01 3.425725555051359805e+01 3.039838021280839442e+01 2.680165672238868879e+01 2.347008503719044725e+01 2.040475431772110682e+01 1.760453510523286624e+01 1.506633138051501852e+01 1.278569643621548835e+01 1.075536992677614734e+01 8.967537923235690656e+00 7.410867489582006584e+00 6.075095474616509783e+00
6.745904910319612213e+01 7.388490961115515177e+01 8.030689131971959682e+01 8.669431620690980367e+01 9.299867580278723267e+01 9.895398219803111317e+01 9.975362174761296785e+01 9.419450796877767118e+01 8.822387408252147623e+01 8.231761066115868175e+01 7.653043017382789515e+01 7.088807941388476763e+01 6.541030286683235317e+01 6.011218120329782266e+01 5.500853451202385713e+01 5.011224628492919919e+01 4.543488317828406764e+01 4.098736496303781962e+01 3.677839202692450016e+01 3.281520806580908811e+01 2.910430136837241122e+01 2.564903904993979111e+01 2.245253748246111059e+01 1.951403150572276246e+01 1.683369377401239220e+01 1.440708063894382462e+01 1.222932619261323239e+01 1.029377218037117458e+01 8.591569939364907427e+00 7.112571317888416900e+00 5.845210231013309610e+00
7.111347387296291345e+01 7.752294855437644117e+01 8.390734536027161994e+01 9.022828420789269899e+01 9.638728702156610950e+01 1.000000000000000000e+02 9.686742706293681238e+01 9.098424290686411098e+01 8.509901216083885345e+01 7.931697067081908870e+01 7.367041985530586601e+01 6.817731424095757120e+01 6.285470553302321406e+01 5.771604886723748962e+01 5.277420962599673970e+01 4.804047294066041474e+01 4.352520305333702311e+01 3.923717590368780606e+01 3.518499700456083445e+01 3.137460382274178627e+01 2.781053354350762064e+01 2.449700055025789780e+01 2.143475261905584262e+01 1.862402869650026105e+01 1.606254309760682020e+01 1.374776965784654337e+01 1.167270313625578027e+01 9.831623138005474161e+00 8.215336592277221683e+00 6.813552802620681526e+00 5.614865760245302262e+00
7.472612719105036660e+01 8.111782481635091813e+01 8.745918898073145442e+01 9.369509002203058401e+01 9.946613599003019601e+01 9.927305523367907369e+01 9.363661550725468885e+01 8.777525395338199132e+01 8.199509434500531313e+01 7.633972644601342949e+01 7.083094835826202029e+01 6.548542430743550824e+01 6.031603907087449556e+01 5.533516934022701861e+01 5.055309762746593805e+01 4.598030232264467543e+01 4.162522591286498397e+01 3.749572179663673666e+01 3.359889030539737576e+01 2.993964971158937871e+01 2.652217016509359482e+01 2.334853696350223018e+01 2.042033597892236685e+01 1.773602415963184598e+01 1.529411554704306297e+01 1.308963225439433486e+01 1.111757220846028105e+01 9.370434853333209801e+00 7.839572441691499805e+00 6.514496707125127628e+00 5.384551460566533443e+00
7.828442906445027916e+01 8.465443072669363289e+01 9.094249254817880512e+01 9.703913498896858414e+01 1.000000000000000000e+02 9.620325722443936911e+01 9.038249199274267198e+01 8.459617925967172880e+01 7.892436567387244395e+01 7.339575376596228296e+01 6.802384300588497013e+01 6.282354306474606886e+01 5.780473690048786040e+01 5.297842116321118766e+01 4.835346790501387204e+01 4.393885982126741396e+01 3.974158910048619475e+01 3.576854414924697068e+01 3.202493513191717511e+01 2.851510625173527913e+01 2.524254863665632698e+01 2.220833294418307347e+01 1.941245474058476006e+01 1.685394857408925162e+01 1.452976572801492061e+01 1.243526487497097577e+01 1.056503944761255553e+01 8.911322735247351190e+00 7.465170546306987731e+00 6.216704197914058483e+00 5.154568343851284595e+00
8.177439324797222753e+01 8.811772206975680888e+01 9.433430233194650327e+01 9.988629654896601551e+01 9.864974723108912258e+01 9.295470289668175212e+01 8.715822431416498262e+01 8.146201125975063917e+01 7.590173913132214523e+01 7.049758907245005446e+01 6.525933773453247966e+01 6.020003960505175655e+01 5.532874850405276135e+01 5.065334709914270661e+01 4.618226929814460391e+01 4.192268726123607081e+01 3.788020676271136722e+01 3.406117091873112912e+01 3.046846997755069353e+01 2.710631274303392146e+01 2.397626165923730923e+01 2.107883811691874243e+01 1.841413200686396934e+01 1.597947862255871776e+01 1.377211146173544876e+01 1.178680874285980096e+01 1.001710321539031057e+01 8.455557480576370466e+00 7.093517088873813492e+00 5.920655621948334613e+00 4.925849219105038479e+00
8.518455495061492400e+01 9.149012220727199463e+01 9.756955405967171657e+01 1.000000000000000000e+02 9.552151279334300682e+01 8.972051573698736604e+01 8.398944654684183320e+01 7.838653820676159967e+01 7.293615239989789245e+01 6.765288737899383875e+01 6.254612583338472120e+01 5.762398058001708989e+01 5.289532999168206118e+01 4.836790902354667310e+01 4.404669126481927321e+01 3.993843045435371408e+01 3.604782456315471961e+01 3.237869293891757394e+01 2.893400977656039785e+01 2.571652020730331856e+01 2.272669331230834189e+01 1.996437312814243370e+01 1.742839564254578022e+01 1.511609456162134002e+01 1.302336052501915731e+01 1.114541092842906700e+01 9.474718267676696115e+00 8.004512491158088494e+00 6.725151943211161054e+00 5.626681424228518580e+00 4.698744094528183979e+00
8.850381746551633455e+01 9.475346546214404952e+01 1.000000000000000000e+02 9.807286994160931215e+01 9.232239454332605533e+01 8.654466659792261396e+01 8.088725131601258056e+01 7.537970722925436462e+01 7.003752968559355452e+01 6.487115058374905630e+01 5.989042568226508223e+01 5.510182909315983579e+01 5.051216590772312998e+01 4.612732216670909224e+01 4.195250605761376761e+01 3.799208569275489822e+01 3.424856379457189348e+01 3.072638648821669349e+01 2.742613390043702282e+01 2.435031190081635799e+01 2.149759976825203012e+01 1.886740944025893185e+01 1.645758359440766583e+01 1.426541454731552427e+01 1.228565064122738626e+01 1.051265226408231257e+01 8.939815396190187613e+00 7.559006330258954520e+00 6.361263589375020899e+00 5.336277389422661166e+00 4.473552795944513605e+00
9.172023931389267659e+01 9.784069098987085056e+01 1.000000000000000000e+02 9.498875403213179425e+01 8.916887520262520184e+01 8.344270523073049617e+01 7.786361334158699776e+01 7.244830834522578300e+01 6.721082538160679576e+01 6.215868177459800137e+01 5.729942430108238227e+01 5.263998416975805839e+01 4.818495172023992978e+01 4.393868069810078225e+01 3.990543288032716163e+01 3.608768344780707338e+01 3.248818946639507033e+01 2.910851215347150145e+01 2.594929097587270661e+01 2.301078725955819593e+01 2.029199898458918838e+01 1.779095158499320917e+01 1.550462375949236460e+01 1.342976913751203760e+01 1.156052602084410807e+01 9.890518760725420577e+00 8.413411218127786029e+00 7.120607963569258736e+00 6.002536503538125068e+00 5.049400080985700257e+00 4.250912642057591562e+00
9.481582317429170814e+01 1.000000000000000000e+02 9.771450071043173580e+01 9.189514082604708278e+01 8.609220880924485186e+01 8.042737008778959762e+01 7.492461877719911456e+01 6.960053574658957132e+01 6.446382558590313749e+01 5.952186059702670917e+01 5.478060112477685095e+01 5.024519885630389382e+01 4.591932845149355558e+01 4.180729327005251150e+01 3.791027566733134080e+01 3.423098831351890681e+01 3.077037929165750185e+01 2.752909904547608022e+01 2.450653652831311646e+01 2.170188293598125284e+01 1.911312284745114809e+01 1.673800906910308939e+01 1.457201803664446338e+01 1.261145233638671925e+01 1.084973549988912467e+01 9.280670450134598681e+00 7.896898374064075909e+00 6.689717683335826948e+00 5.649827364887450187e+00 4.767156178412235157e+00 4.031467253427578612e+00
9.773950277458816061e+01 1.000000000000000000e+02 9.474466220840466235e+01 8.886934441112670413e+01 8.310637839411685945e+01 7.750237156684477213e+01 7.207710083805616819e+01 6.684022342713399212e+01 6.180153914953609728e+01 5.696485205621132053e+01 5.233688471174951928e+01 4.792076190731818031e+01 4.372032855003112672e+01 3.973609405238429559e+01 3.597122333939384475e+01 3.242557148041287007e+01 2.909914496138837947e+01 2.599154345958344337e+01 2.310138613461718649e+01 2.042636516494662402e+01 1.796364215195329450e+01 1.571058304569515940e+01 1.366172188847384383e+01 1.181216167776975112e+01 1.015521520753616080e+01 8.684420703612772741e+00 7.391438887241930544e+00 6.267700818959021092e+00 5.303739931873274749e+00 4.489689960671794822e+00 3.815291631473782807e+00
1.000000000000000000e+02 9.770218167262001430e+01 9.180000723127670881e+01 8.593158934472884880e+01 8.021710843991650108e+01 7.467558431568744481e+01 6.932504593027793760e+01 6.417267340016056210e+01 5.922692873935206848e+01 5.449174370335278894e+01 4.997234506339859195e+01 4.567051148589392540e+01 4.158983037101958757e+01 3.772988609094970514e+01 3.409128377552783462e+01 3.067403879720917814e+01 2.747751441558242647e+01 2.449897199165540584e+01 2.173602692878244724e+01 1.918628578174779165e+01 1.684650790824882094e+01 1.471131401718350773e+01 1.277563760801267989e+01 1.103379699693323168e+01 9.478520110212462768e+00 8.102972205756476143e+00 6.898199164172158504e+00 5.855451844337333789e+00 4.965417404279759417e+00 4.218001168371088738e+00 3.603220708566068353e+00
1.000000000000000000e+02 9.489873349480696163e+01 8.893715512716636340e+01 8.309810258189466481e+01 7.742781159466161967e+01 7.194943276317815162e+01 6.667106517954175615e+01 6.159845542164990917e+01 5.674227076026414807e+01 5.210625828695388861e+01 4.769084932665407450e+01 4.349977384246124501e+01 3.953260193701875380e+01 3.579161383255269158e+01 3.227434378262989867e+01 2.898074879791850833e+01 2.590797868501972800e+01 2.305286482827838412e+01 2.041364874125060069e+01 1.798531410881638593e+01 1.576320101599779733e+01 1.374185678614121642e+01 1.191566179390393110e+01 1.027791650326312833e+01 8.821048366712059163e+00 7.537433323899977999e+00 6.418147893312598384e+00 5.454000306542051035e+00 4.635299493545119276e+00 3.952123477440094845e+00 3.395378935363435602e+00
9.812236959499000477e+01 9.213450746875760444e+01 8.617064736702479877e+01 8.036540112072782449e+01 7.474454915354219509e+01 6.932573668649486365e+01 6.411677047348540270e+01 5.912333302611651931e+01 5.435358509052710474e+01 4.980905834283192490e+01 4.549353772824672149e+01 4.140752810363569125e+01 3.755044950920770930e+01 3.392280968568427113e+01 3.052307937640944502e+01 2.734702551166045126e+01 2.439338325558800946e+01 2.165825885910823700e+01 1.913642678910330019e+01 1.682449506197720623e+01 1.471544681627848838e+01 1.280412663584470323e+01 1.108366929070886364e+01 9.546110699797772270e+00 8.184201491127208072e+00 6.989262655395645396e+00 5.952369053187989145e+00 5.063793241287339875e+00 4.314114566712601295e+00 3.693301756781997014e+00 3.192129823984146686e+00
