2.248637702015575712e+01 1.753266834594970902e+01 1.301609537231989222e+01 9.128468413424894123e+00 6.018318092034979472e+00 3.625654204245065682e+00 1.839260605467174514e+00 6.040519522844456368e-01 0.000000000000000000e+00 0.000000000000000000e+00 0.000000000000000000e+00 0.000000000000000000e+00 0.000000000000000000e+00 0.000000000000000000e+00 0.000000000000000000e+00 0.000000000000000000e+00 0.000000000000000000e+00 0.000000000000000000e+00 0.000000000000000000e+00 0.000000000000000000e+00 0.000000000000000000e+00 0.000000000000000000e+00 0.000000000000000000e+00 0.000000000000000000e+00 0.000000000000000000e+00 0.000000000000000000e+00 0.000000000000000000e+00 0.000000000000000000e+00 0.000000000000000000e+00 0.000000000000000000e+00 0.000000000000000000e+00
1.927574766546073093e+01 1.495528813112657573e+01 1.125999256858377606e+01 8.149008984385798016e+00 5.565567664058534980e+00 3.469387982913141322e+00 1.835321024118263811e+00 6.632721585524525842e-01 2.068867198977697441e-02 0.000000000000000000e+00 0.000000000000000000e+00 0.000000000000000000e+00 0.000000000000000000e+00 0.000000000000000000e+00 0.000000000000000000e+00 0.000000000000000000e+00 0.000000000000000000e+00 0.000000000000000000e+00 0.000000000000000000e+00 0.000000000000000000e+00 0.000000000000000000e+00 0.000000000000000000e+00 0.000000000000000000e+00 0.000000000000000000e+00 0.000000000000000000e+00 0.000000000000000000e+00 0.000000000000000000e+00 0.000000000000000000e+00 0.000000000000000000e+00 0.000000000000000000e+00 0.000000000000000000e+00
1.812079130143462535e+01 1.432177916764744197e+01 1.099361159724303505e+01 8.116746845705391067e+00 5.672699594683283664e+00 3.648099301376928061e+00 2.035935706539282464e+00 8.411889117251880599e-01 1.063539850792438735e-01 0.000000000000000000e+00 0.000000000000000000e+00 0.000000000000000000e+00 0.000000000000000000e+00 0.000000000000000000e+00 0.000000000000000000e+00 0.000000000000000000e+00 0.000000000000000000e+00 0.000000000000000000e+00 0.000000000000000000e+00 0.000000000000000000e+00 0.000000000000000000e+00 0.000000000000000000e+00 0.000000000000000000e+00 0.000000000000000000e+00 0.000000000000000000e+00 0.000000000000000000e+00 0.000000000000000000e+00 0.000000000000000000e+00 0.000000000000000000e+00 0.000000000000000000e+00 0.000000000000000000e+00
1.811914647062156192e+01 1.448854208993927095e+01 1.126974025138048852e+01 8.456227191848430635e+00 6.039524355610947914e+00 4.013137377412546059e+00 2.371759509188753334e+00 1.118193931451749723e+00 2.746793613260689604e-01 0.000000000000000000e+00 0.000000000000000000e+00 0.000000000000000000e+00 0.000000000000000000e+00 0.000000000000000000e+00 0.000000000000000000e+00 0.000000000000000000e+00 0.000000000000000000e+00 0.000000000000000000e+00 0.000000000000000000e+00 0.000000000000000000e+00 0.000000000000000000e+00 0.000000000000000000e+00 0.000000000000000000e+00 0.000000000000000000e+00 0.000000000000000000e+00 0.000000000000000000e+00 0.000000000000000000e+00 0.000000000000000000e+00 0.000000000000000000e+00 0.000000000000000000e+00 0.000000000000000000e+00
1.860623147834291657e+01 1.502203106154834700e+01 1.182636790173759955e+01 9.014487452607477636e+00 6.580792203684771025e+00 4.519157272635276890e+00 2.823888923463258038e+00 1.493115925848342851e+00 5.361706697093904239e-01 1.459232795641973723e-02 0.000000000000000000e+00 0.000000000000000000e+00 0.000000000000000000e+00 0.000000000000000000e+00 0.000000000000000000e+00 0.000000000000000000e+00 0.000000000000000000e+00 0.000000000000000000e+00 0.000000000000000000e+00 0.000000000000000000e+00 0.000000000000000000e+00 0.000000000000000000e+00 0.000000000000000000e+00 0.000000000000000000e+00 0.000000000000000000e+00 0.000000000000000000e+00 0.000000000000000000e+00 0.000000000000000000e+00 0.000000000000000000e+00 0.000000000000000000e+00 0.000000000000000000e+00
1.937077316127479065e+01 1.578720939739481821e+01 1.257800650269737019e+01 9.739803125070844558e+00 7.266724721122841402e+00 5.151858903759832131e+00 3.388414345742252198e+00 1.947237825696035429e+00 8.921165889469562238e-01 2.004528462081434093e-01 0.000000000000000000e+00 0.000000000000000000e+00 0.000000000000000000e+00 0.000000000000000000e+00 0.000000000000000000e+00 0.000000000000000000e+00 0.000000000000000000e+00 0.000000000000000000e+00 0.000000000000000000e+00 0.000000000000000000e+00 0.000000000000000000e+00 0.000000000000000000e+00 0.000000000000000000e+00 0.000000000000000000e+00 0.000000000000000000e+00 0.000000000000000000e+00 0.000000000000000000e+00 0.000000000000000000e+00 0.000000000000000000e+00 0.000000000000000000e+00 0.000000000000000000e+00
2.033954427896696870e+01 1.673419904425886884e+01 1.349353932414960511e+01 1.061356053548232481e+01 8.085531382698086134e+00 5.876990857846886129e+00 4.079414986773244323e+00 2.568125796839471064e+00 1.381746337226918975e+00 5.236660089666278495e-01 3.316688496060038460e-02 0.000000000000000000e+00 0.000000000000000000e+00 0.000000000000000000e+00 0.000000000000000000e+00 0.000000000000000000e+00 0.000000000000000000e+00 0.000000000000000000e+00 0.000000000000000000e+00 0.000000000000000000e+00 0.000000000000000000e+00 0.000000000000000000e+00 0.000000000000000000e+00 0.000000000000000000e+00 0.000000000000000000e+00 0.000000000000000000e+00 0.000000000000000000e+00 0.000000000000000000e+00 0.000000000000000000e+00 0.000000000000000000e+00 0.000000000000000000e+00
2.148537021388958834e+01 1.784634205957853581e+01 1.452300577550271754e+01 1.164265683108229865e+01 9.056075675840114414e+00 6.804856220771460684e+00 4.880662554230907446e+00 3.273891956757024602e+00 1.975340351265841843e+00 9.799524307350537811e-01 2.939420503177747612e-01 0.000000000000000000e+00 0.000000000000000000e+00 0.000000000000000000e+00 0.000000000000000000e+00 0.000000000000000000e+00 0.000000000000000000e+00 0.000000000000000000e+00 0.000000000000000000e+00 0.000000000000000000e+00 0.000000000000000000e+00 0.000000000000000000e+00 0.000000000000000000e+00 0.000000000000000000e+00 0.000000000000000000e+00 0.000000000000000000e+00 0.000000000000000000e+00 0.000000000000000000e+00 0.000000000000000000e+00 0.000000000000000000e+00 0.000000000000000000e+00
2.277634043484397708e+01 1.912974224904140286e+01 1.579651740190983844e+01 1.280626981841654910e+01 1.015155488059650324e+01 7.823775395101439933e+00 5.812836354386030635e+00 4.107768996379657089e+00 2.697610012613538277e+00 1.572522548463384240e+00 7.272418079114051359e-01 1.704611072180339804e-01 0.000000000000000000e+00 0.000000000000000000e+00 0.000000000000000000e+00 0.000000000000000000e+00 0.000000000000000000e+00 0.000000000000000000e+00 0.000000000000000000e+00 0.000000000000000000e+00 0.000000000000000000e+00 0.000000000000000000e+00 0.000000000000000000e+00 0.000000000000000000e+00 0.000000000000000000e+00 0.000000000000000000e+00 0.000000000000000000e+00 0.000000000000000000e+00 0.000000000000000000e+00 0.000000000000000000e+00 0.000000000000000000e+00
2.429049273536054798e+01 2.056313326328816871e+01 1.717521269651943783e+01 1.412160780743638711e+01 1.139492111974270649e+01 8.986229451437965920e+00 6.884770781377335780e+00 5.079044287163226201e+00 3.557292310052373452e+00 2.307284620066663017e+00 1.318712686555967295e+00 5.855029534074907005e-01 1.161935997070484561e-01 0.000000000000000000e+00 0.000000000000000000e+00 0.000000000000000000e+00 0.000000000000000000e+00 0.000000000000000000e+00 0.000000000000000000e+00 0.000000000000000000e+00 0.000000000000000000e+00 0.000000000000000000e+00 0.000000000000000000e+00 0.000000000000000000e+00 0.000000000000000000e+00 0.000000000000000000e+00 0.000000000000000000e+00 0.000000000000000000e+00 0.000000000000000000e+00 0.000000000000000000e+00 0.000000000000000000e+00
2.594361727792827566e+01 2.216519710709943070e+01 1.871798077788815462e+01 1.559684607644459220e+01 1.279394742889359193e+01 1.030038195477759366e+01 8.105393540408744713e+00 6.197493505888951759e+00 4.563616450568320104e+00 3.191278998300650649e+00 2.067907859097928291e+00 1.182163005250058685e+00 5.269075278127255402e-01 1.074585470683286914e-01 0.000000000000000000e+00 0.000000000000000000e+00 0.000000000000000000e+00 0.000000000000000000e+00 0.000000000000000000e+00 0.000000000000000000e+00 0.000000000000000000e+00 0.000000000000000000e+00 0.000000000000000000e+00 0.000000000000000000e+00 0.000000000000000000e+00 0.000000000000000000e+00 0.000000000000000000e+00 0.000000000000000000e+00 0.000000000000000000e+00 0.000000000000000000e+00 0.000000000000000000e+00
2.777579604201052632e+01 2.394280169190614771e+01 2.043262010779609739e+01 1.724021908339514653e+01 1.435766039337207367e+01 1.177587317781966192e+01 9.484642154026145633e+00 7.471921090911859409e+00 5.725423978280563375e+00 4.231812613589869265e+00 2.978096521476780723e+00 1.951059320495962535e+00 1.139012471045419694e+00 5.333452398299187713e-01 1.342934719198773941e-01 0.000000000000000000e+00 0.000000000000000000e+00 0.000000000000000000e+00 0.000000000000000000e+00 0.000000000000000000e+00 0.000000000000000000e+00 0.000000000000000000e+00 0.000000000000000000e+00 0.000000000000000000e+00 0.000000000000000000e+00 0.000000000000000000e+00 0.000000000000000000e+00 0.000000000000000000e+00 0.000000000000000000e+00 0.000000000000000000e+00 0.000000000000000000e+00
2.979404201402686780e+01 2.590316948223993876e+01 2.232709742442708745e+01 1.906022120622882099e+01 1.609499257531714633e+01 1.342220582585572686e+01 1.103155672707240065e+01 8.912209002496096488e+00 7.051479846909048277e+00 5.436621082912996172e+00 4.054282476421744441e+00 2.891307405232668160e+00 1.934626839911601781e+00 1.172234436679908676e+00 5.942332190256638391e-01 1.961609859753354890e-01 2.502788106428788240e-04 0.000000000000000000e+00 0.000000000000000000e+00 0.000000000000000000e+00 0.000000000000000000e+00 0.000000000000000000e+00 0.000000000000000000e+00 0.000000000000000000e+00 0.000000000000000000e+00 0.000000000000000000e+00 0.000000000000000000e+00 0.000000000000000000e+00 0.000000000000000000e+00 0.000000000000000000e+00 0.000000000000000000e+00
3.200604082192131017e+01 2.805527028417719038e+01 2.441058595589459301e+01 2.106606291320932556e+01 1.801489143957650896e+01 1.524782402331975639e+01 1.275541323887271439e+01 1.052668418544476836e+01 8.549983600430898889e+00 6.812618941507054160e+00 5.301978284780373585e+00 4.004854879804609524e+00 2.908625786755536513e+00 2.000479788555586946e+00 1.268739844042598985e+00 7.025804936066859518e-01 2.944276747288587792e-01 4.614010532850709723e-02 0.000000000000000000e+00 0.000000000000000000e+00 0.000000000000000000e+00 0.000000000000000000e+00 0.000000000000000000e+00 0.000000000000000000e+00 0.000000000000000000e+00 0.000000000000000000e+00 0.000000000000000000e+00 0.000000000000000000e+00 0.000000000000000000e+00 0.000000000000000000e+00 0.000000000000000000e+00
3.442009705982841439e+01 3.040734056250709116e+01 2.669131248319939331e+01 2.326686001915489044e+01 2.012607977396196901e+01 1.726210723815853143e+01 1.466489311182919053e+01 1.232428210989516870e+01 1.022848742928763599e+01 8.366375693470473607e+00 6.725897346580311797e+00 5.294538130649650398e+00 4.059965845849000665e+00 3.010077274081102150e+00 2.132883758315118339e+00 1.417008472997105528e+00 8.515766243917033407e-01 4.276030440304445790e-01 1.395251972850286570e-01 1.434042058989781765e-04 0.000000000000000000e+00 0.000000000000000000e+00 0.000000000000000000e+00 0.000000000000000000e+00 0.000000000000000000e+00 0.000000000000000000e+00 0.000000000000000000e+00 0.000000000000000000e+00 0.000000000000000000e+00 0.000000000000000000e+00 0.000000000000000000e+00
3.704440706495043401e+01 3.296722397035411234e+01 2.917745509211222554e+01 2.566930860355542876e+01 2.243750528285665169e+01 1.947300106847918855e+01 1.676756406894884677e+01 1.431139791489865942e+01 1.209413359247778530e+01 1.010455545575941194e+01 8.331510357641258580e+00 6.763579367895311556e+00 5.389514670068051849e+00 4.197673457504880190e+00 3.176973606336586098e+00 2.316315676267632906e+00 1.605150881612582570e+00 1.032797197723656080e+00 5.900225096635014488e-01 2.684756851082936713e-01 6.410241130873073345e-02 0.000000000000000000e+00 0.000000000000000000e+00 0.000000000000000000e+00 0.000000000000000000e+00 0.000000000000000000e+00 0.000000000000000000e+00 0.000000000000000000e+00 0.000000000000000000e+00 0.000000000000000000e+00 0.000000000000000000e+00
3.988479427663559562e+01 3.574174981461831635e+01 3.187589751340218669e+01 2.828238118078736463e+01 2.495554406056771413e+01 2.188790944380410863e+01 1.907100221793256623e+01 1.649553324268705623e+01 1.415274172545317732e+01 1.203179206814222191e+01 1.012259106691395516e+01 8.415010658626586704e+00 6.898061163543456331e+00 5.561825837249378957e+00 4.395941685534854315e+00 3.390203544385628209e+00 2.534716806326975380e+00 1.819658362638387761e+00 1.235345866618930977e+00 7.723178340128478148e-01 4.216397200882182617e-01 1.754074862900467657e-01 2.951276009646175424e-02 0.000000000000000000e+00 0.000000000000000000e+00 0.000000000000000000e+00 0.000000000000000000e+00 0.000000000000000000e+00 0.000000000000000000e+00 0.000000000000000000e+00 0.000000000000000000e+00
4.294895444757500513e+01 3.873815784048405675e+01 3.479398110933593813e+01 3.111231430889911564e+01 2.768768706609018437e+01 2.451278379839646604e+01 2.158036155454491478e+01 1.888203625329749613e+01 1.640928728226295163e+01 1.415241339860293657e+01 1.210272425723981726e+01 1.025065685545943950e+01 8.586810058335602847e+00 7.101846191987082335e+00 5.786677326188827131e+00 4.632584496137215346e+00 3.630184209070219659e+00 2.770893394803430887e+00 2.045793870724266217e+00 1.445778016332710525e+00 9.622546378390883781e-01 5.858641091723737482e-01 3.078007229721069216e-01 1.193734925313827411e-01 1.498127450800801341e-02 0.000000000000000000e+00 0.000000000000000000e+00 0.000000000000000000e+00 0.000000000000000000e+00 0.000000000000000000e+00 0.000000000000000000e+00
4.624146967789738483e+01 4.196165391121979837e+01 3.793678978501245780e+01 3.416429090905966603e+01 3.063827502168634709e+01 2.735284114532069566e+01 2.430094683997538851e+01 2.147483282677617922e+01 1.886745421427497149e+01 1.646982829675944870e+01 1.427408175050652872e+01 1.227224292467404787e+01 1.045565684572198251e+01 8.816591880456448038e+00 7.346940683620017509e+00 6.038705632301955006e+00 4.884838120779333437e+00 3.876571050466481871e+00 3.006823156890292559e+00 2.267254772195970158e+00 1.650069803484233155e+00 1.146605846040715804e+00 7.476928695647311329e-01 4.444075494671184678e-01 2.270380409055361426e-01 8.548894372041315748e-02 1.095511395969861468e-02 0.000000000000000000e+00 0.000000000000000000e+00 0.000000000000000000e+00 0.000000000000000000e+00
4.976617720783183074e+01 4.541537438374483315e+01 4.130841675795083034e+01 3.744236365255687815e+01 3.381125407327568411e+01 3.041127137237022993e+01 2.723556538670361959e+01 2.427706527449496932e+01 2.152949802345382935e+01 1.898553223775443399e+01 1.663796681759356488e+01 1.448001104788910709e+01 1.250434632415668901e+01 1.070442031987204246e+01 9.073576408499206991e+00 7.605068331203456822e+00 6.292722956889251762e+00 5.129757458262651504e+00 4.109371675585760109e+00 3.224627295282334050e+00 2.468743343885859698e+00 1.833927697607506957e+00 1.311998205145648022e+00 8.942569489657326010e-01 5.715883878162908438e-01 3.336728859487769761e-01 1.696360574039101898e-01 6.780912987826015481e-02 1.532660002235841645e-02 0.000000000000000000e+00 0.000000000000000000e+00
5.352522785592287136e+01 4.910259111361163775e+01 4.491105915940900672e+01 4.094773058836072011e+01 3.720934988433587165e+01 3.369004558428365925e+01 3.038555381617072015e+01 2.728962538376761415e+01 2.439611310933372934e+01 2.169939981757884695e+01 1.919347140071770852e+01 1.687261970344991013e+01 1.473082429226888479e+01 1.276311090216225530e+01 1.096398942938303733e+01 9.327738918412098457e+00 7.849516586731231094e+00 6.524242533216084716e+00 5.346007002187036505e+00 4.309173087879292652e+00 3.408044077188510101e+00 2.635388702503049796e+00 1.984475261531970514e+00 1.447017186336607697e+00 1.014944506788195699e+00 6.783559318920162617e-01 4.269431578982851860e-01 2.494733378811120339e-01 1.336486543345505318e-01 6.631767994903503549e-02 3.446457630322807830e-02
5.751914005379490646e+01 5.302299711900487011e+01 4.874445465334490279e+01 4.468184399463079615e+01 4.083171314917964878e+01 3.718899773461209435e+01 3.375098005363498999e+01 3.051142847193496621e+01 2.746623653413382726e+01 2.461021917979593354e+01 2.193920943915185262e+01 1.944833180935161465e+01 1.713304136453320936e+01 1.498970084553655724e+01 1.301395490597152538e+01 1.120213896861070779e+01 9.550484644260547995e+00 8.054591498705242714e+00 6.710631818559464890e+00 5.513658124023113061e+00 4.459507439555821406e+00 3.541787625641246162e+00 2.754620491652359782e+00 2.090697743724423407e+00 1.542588966104585513e+00 1.101217834546364127e+00 7.567978417474141573e-01 4.987344067310384155e-01 3.152714793309918662e-01 1.940843909300160597e-01 1.227042609350359470e-01
6.174477241161959995e+01 5.717444386806816681e+01 5.280738061596217392e+01 4.864202111936107542e+01 4.467601210256639632e+01 4.090581733845704093e+01 3.732850684455001300e+01 3.394007992493109072e+01 3.073692254299955806e+01 2.771474656183987406e+01 2.487134899610718008e+01 2.220281380368385271e+01 1.970623638250781440e+01 1.737914864543009941e+01 1.521889443833935829e+01 1.322324650690076453e+01 1.138955580047830196e+01 9.714894802594454148e+00 8.196941635439447538e+00 6.832249306172810677e+00 5.616712727958105944e+00 4.546189818656753978e+00 3.615057551263578528e+00 2.817321512292658703e+00 2.145416166717117878e+00 1.592409912154524321e+00 1.148110013325698286e+00 8.024990409823629101e-01 5.443848679577700800e-01 3.619668227240468994e-01 2.426825393342380011e-01
6.619744365128720176e+01 6.155227099145964331e+01 5.709443831360988497e+01 5.282381528611996657e+01 4.873830794246750742e+01 4.483645238623115148e+01 4.111465267507347932e+01 3.757114435892315640e+01 3.420310738119531635e+01 3.100868842491938437e+01 2.798490732931329106e+01 2.513114481175990989e+01 2.244533701098119138e+01 1.992639655924147846e+01 1.757323512926453191e+01 1.538528270509871376e+01 1.336133147731722914e+01 1.149948156112876596e+01 9.799480937267979641e+00 8.258394875117646805e+00 6.873565995248432259e+00 5.642078419451268090e+00 4.559168980171990349e+00 3.619846884849642343e+00 2.817435343411167636e+00 2.145119866432798617e+00 1.593583044521451608e+00 1.153383194049151239e+00 8.136506063086246243e-01 5.627893233776881665e-01 3.881797471251058340e-01
7.086906429513020100e+01 6.614843903698094607e+01 6.159872100754662938e+01 5.722041481552988529e+01 5.301213458848606308e+01 4.897295565268557027e+01 4.510156712758471542e+01 4.139756566859318099e+01 3.785839991716591868e+01 3.448391493821070242e+01 3.127317185396744037e+01 2.822615243021746778e+01 2.534319941032193668e+01 2.262424574320585080e+01 2.007030265977294192e+01 1.768161184455713197e+01 1.545857973361816029e+01 1.340209840793067286e+01 1.151099729229729718e+01 9.785695638970882015e+00 8.223976235621144326e+00 6.823498090157875673e+00 5.581400240008460578e+00 4.492990897814086892e+00 3.552451644415288712e+00 2.753867135092591401e+00 2.088238591867841443e+00 1.546622762118488037e+00 1.118629752872168925e+00 7.921735636875371078e-01 5.555239652349830415e-01
7.574649305804271648e+01 7.095246110311204291e+01 6.631017694426601850e+01 6.182168872088915634e+01 5.748672848321053408e+01 5.330661543937574010e+01 4.928097963238795387e+01 4.541003403718144682e+01 4.169330689814508872e+01 3.813235953649792975e+01 3.472716947857262682e+01 3.147933293294088486e+01 2.839156755154874645e+01 2.546509315468339452e+01 2.270157156737466764e+01 2.010442032097522613e+01 1.767456021185378390e+01 1.541487159998169432e+01 1.332580613220144627e+01 1.140815976378611829e+01 9.661260502849366105e+00 8.084702367195683692e+00 6.675753072711653857e+00 5.431362721394627613e+00 4.345723051271632720e+00 3.413846329943936997e+00 2.627420720195372539e+00 1.978171154179286795e+00 1.455274469339784549e+00 1.047582652040723872e+00 7.425945105479336839e-01
8.081130269964785384e+01 7.594858496966794803e+01 7.121428792982648304e+01 6.661370894182572044e+01 6.215005415763826591e+01 5.782513213766918625e+01 5.364031852604960449e+01 4.959724117214566519e+01 4.569713008772880869e+01 4.194256632056726630e+01 3.833664570552080164e+01 3.488132475767522322e+01 3.158069375387529831e+01 2.843879939103929289e+01 2.545919951128289327e+01 2.264569783516711254e+01 2.000162158921411404e+01 1.753078673579183544e+01 1.523588339527280944e+01 1.311861648747006903e+01 1.117998365611284584e+01 9.419920150374426981e+00 7.837226560369336958e+00 6.429796161402656196e+00 5.192701917617858598e+00 4.120924168864259940e+00 3.208074851815756467e+00 2.444368636740879008e+00 1.820756439219850531e+00 1.326002747974963647e+00 9.472005136459071828e-01
8.603493557023180927e+01 8.111539168893729368e+01 7.629308105902026682e+01 7.158239653129582791e+01 6.698761315638303415e+01 6.251510100772452461e+01 5.816602559439822784e+01 5.394538842285410141e+01 4.985630616602178122e+01 4.590323195234411457e+01 4.208913046062986751e+01 3.841971576005989419e+01 3.490018524315454584e+01 3.153564061335264412e+01 2.833221403596419918e+01 2.529540307978437141e+01 2.243021727866229043e+01 1.974180497990746375e+01 1.723388566064929606e+01 1.491010255793734274e+01 1.277279726704044727e+01 1.082273742336112932e+01 9.060497418190260888e+00 7.483422349144774444e+00 6.088547934266475004e+00 4.871566003429150804e+00 3.825579900448272674e+00 2.942620557742203768e+00 2.212691702990821074e+00 1.625389930744269851e+00 1.167930544316309049e+00
9.136194902998171585e+01 8.641859453178174988e+01 8.152114361965374201e+01 7.670308105354396844e+01 7.197842213806944756e+01 6.735584958100552910e+01 6.284132397116619728e+01 5.843941112901802626e+01 5.415636172422553329e+01 4.999828417642998346e+01 4.597098359005435952e+01 4.208158612041753344e+01 3.833691242666247234e+01 3.474394904963175890e+01 3.131061011849054410e+01 2.804369325077577102e+01 2.495137768946118584e+01 2.203840750182351016e+01 1.931140458054511200e+01 1.677562793375795280e+01 1.443365377735569233e+01 1.228763970905731817e+01 1.033942743421631860e+01 8.587647459072533351e+00 7.029325515951045489e+00 5.661301736954548858e+00 4.477237450397241858e+00 3.469453382484377624e+00 2.628670473961525200e+00 1.943969025226344183e+00 1.402855965345495282e+00
9.663012749892527609e+01 9.179842769068574171e+01 8.686244264830136785e+01 8.195070415801379227e+01 7.710098378109255179e+01 7.232896569098288353e+01 6.764528550495055015e+01 6.306042285363264455e+01 5.858006527114952888e+01 5.421249823795947265e+01 4.996678591886020371e+01 4.585199826736058526e+01 4.187690524641589462e+01 3.804968577282286191e+01 3.438167004705168495e+01 3.088024430884579630e+01 2.755392593069415597e+01 2.441198653497891513e+01 2.146057336511553260e+01 1.870705838811371891e+01 1.615437790112883576e+01 1.380807413363140945e+01 1.166882139726171985e+01 9.736489352237310158e+00 8.010399567443871049e+00 6.486524271169069600e+00 5.159817402809108167e+00 4.022453563999839332e+00 3.066127567621723671e+00 2.279989576628360659e+00 1.651209462475100587e+00
1.000000000000000000e+02 9.706561378325892520e+01 9.224989247389328284e+01 8.728660350049075589e+01 8.232492008571135500e+01 7.740873441398638022e+01 7.255807742467769117e+01 6.778722388470723104e+01 6.310635823010606060e+01 5.852746139357438437e+01 5.406016925545309704e+01 4.971619366898278969e+01 4.550616406367262812e+01 4.144128727791394340e+01 3.753279664089579626e+01 3.379180623871976508e+01 3.022808822811251517e+01 2.685220843335384089e+01 2.367215579420471983e+01 2.069582445780385882e+01 1.792952072575526756e+01 1.537737704705254238e+01 1.304267954543302288e+01 1.092637449979343423e+01 9.027635293778535797e+00 7.343739593791442921e+00 5.869849024995699160e+00 4.599204245682297909e+00 3.523420296963919451e+00 2.631508163168028158e+00 1.911488308013375992e+00
1.000000000000000000e+02 1.000000000000000000e+02 9.746782979648061485e+01 9.263627285514550636e+01 8.760887273716961943e+01 8.256411611505531312e+01 7.755201935322581619e+01 7.259753527163452702e+01 6.771685354380947786e+01 6.292428344104281734e+01 5.823277911060713308e+01 5.365647182249302460e+01 4.920848779768198966e+01 4.490278198525157194e+01 4.075056392261341642e+01 3.676684622952897996e+01 3.296207353640314608e+01 2.934870837276698552e+01 2.593672717903010749e+01 2.273418010119111443e+01 1.974982075485498711e+01 1.698883677309675022e+01 1.445540535329477017e+01 1.215075347832592634e+01 1.007611042835729975e+01 8.228506385088696362e+00 6.604497758566196808e+00 5.196593185533238568e+00 3.997860978251610575e+00 2.996838814523494765e+00 2.182204932054276902e+00
9.623977848725206741e+01 1.000000000000000000e+02 1.000000000000000000e+02 9.776664768163000474e+01 9.288058550576033667e+01 8.775460663801119665e+01 8.259908808048173512e+01 7.746634818181914284e+01 7.238671431837066450e+01 6.738069763787297006e+01 6.246442511720778157e+01 5.765526716710329680e+01 5.296803080591941892e+01 4.841814993095599817e+01 4.402182630980173883e+01 3.979238835027882004e+01 3.574505297078395216e+01 3.189182200572943060e+01 2.824401615105634988e+01 2.481407079723070197e+01 2.160870493168422968e+01 1.863611761247268106e+01 1.590094345739880843e+01 1.340582549179643124e+01 1.115203687313649539e+01 9.137701186029978828e+00 7.359923886469188048e+00 5.812446883134525066e+00 4.487511083861450700e+00 3.374294373727937391e+00 2.462704472191157290e+00
9.065713748079940615e+01 9.584671791231868099e+01 9.999213237472936555e+01 1.000000000000000000e+02 9.789567379400884306e+01 9.290787227015893279e+01 8.765518464502717677e+01 8.236273874789252147e+01 7.709178179409686038e+01 7.187583197559905557e+01 6.673562190831520979e+01 6.169346845866130735e+01 5.676628665501573323e+01 5.197233827771378856e+01 4.733028421366294225e+01 4.285443352660954730e+01 3.856270324807161387e+01 3.446873770730961439e+01 3.058550688833361164e+01 2.692534695814140377e+01 2.349851468615382544e+01 2.031214224062991747e+01 1.737312842929035384e+01 1.468562808866184000e+01 1.225032859106055483e+01 1.006751294939003394e+01 8.133942579918940652e+00 6.443854523320291960e+00 4.990289910420586672e+00 3.763404508337053755e+00 2.751120104799564814e+00
8.486580262357298921e+01 9.029947906048698769e+01 9.559462812370136930e+01 9.994914927845481145e+01 1.000000000000000000e+02 9.779762224282031013e+01 9.265614122390437046e+01 8.724891526847034129e+01 8.180421775927325712e+01 7.638402890582432292e+01 7.102522881996090121e+01 6.575154146785662590e+01 6.058591615265800101e+01 5.555015378643468438e+01 5.066211324474701172e+01 4.594119415779047699e+01 4.140527345377530111e+01 3.707016076008095240e+01 3.295092488386133311e+01 2.905998630502874036e+01 2.541042809172232708e+01 2.200977337013698687e+01 1.886672947780528986e+01 1.598452196925875768e+01 1.336713891227397966e+01 1.101372427550225730e+01 8.922401131800306473e+00 7.088248921115392065e+00 5.504364232488844877e+00 4.161042411619931158e+00 3.047152050018697711e+00
7.902936784896250799e+01 8.459135934778602461e+01 9.014042702839054755e+01 9.556542977998364563e+01 9.998113997121031105e+01 1.000000000000000000e+02 9.741316645507997407e+01 9.206755053621819229e+01 8.648763083803973473e+01 8.088002687584291550e+01 7.530948382815375908e+01 6.980971312006421670e+01 6.440970639500179118e+01 5.913322267857800085e+01 5.400234028210307002e+01 4.903745923028587583e+01 4.425843550045181729e+01 3.968401831545489244e+01 3.532894703680604920e+01 3.120942562242917617e+01 2.733687043106720438e+01 2.372212008442008369e+01 2.037432869507911448e+01 1.729823544993087836e+01 1.449740481980072992e+01 1.197275418032048933e+01 9.723060976877784256e+00 7.743493985819338121e+00 6.027841012082957306e+00 4.566500297437503519e+00 3.349085766734549718e+00
7.321604434580936527e+01 7.887087154726513916e+01 8.456648293725922372e+01 9.025917486810375578e+01 9.582348560862907050e+01 1.000000000000000000e+02 1.000000000000000000e+02 9.667726750816132153e+01 9.109704541528344635e+01 8.533532678503536317e+01 7.956538235910306867e+01 7.384771089656632626e+01 6.821799243261892798e+01 6.270576909039053959e+01 5.733565852844670019e+01 5.213002916764452976e+01 4.711142636978639331e+01 4.229883255559750665e+01 3.771131777871149637e+01 3.336384238553900872e+01 2.927058482650260984e+01 2.544273269392559556e+01 2.189097357311253944e+01 1.862031493684597194e+01 1.563685781138013375e+01 1.294114919142581499e+01 1.053205711731642857e+01 8.406554637438789612e+00 6.558104443730671917e+00 4.978054480340176724e+00 3.655719447218608309e+00
6.747672426260042755e+01 7.320398837501494427e+01 7.901004274113870451e+01 8.486635536283401393e+01 9.072323985960318282e+01 9.642228835272705112e+01 1.000000000000000000e+02 1.000000000000000000e+02 9.553498218824204002e+01 8.971076405204330229e+01 8.376832457324793779e+01 7.784448902977683815e+01 7.199351957430015148e+01 6.625159907257290115e+01 6.064680981094488033e+01 5.520456714643579232e+01 4.995076216319139917e+01 4.490422056894740876e+01 4.008667755558838053e+01 3.551469699240023203e+01 3.120231638740318303e+01 2.716412718250263936e+01 2.340991538967774943e+01 1.994691311257191657e+01 1.678133572334321499e+01 1.391504909791745348e+01 1.134748594521004605e+01 9.075179976051261477e+00 7.093615786658425293e+00 5.394134964948515965e+00 3.966089702414965501e+00
6.185086208972624178e+01 6.763725498060992436e+01 7.353331527940972023e+01 7.951710546517800537e+01 8.555497814216217023e+01 9.158443110386977537e+01 9.738481777976069509e+01 1.000000000000000000e+02 9.940225657465080644e+01 9.394330370082053605e+01 8.788799099252887004e+01 8.177955813134079222e+01 7.571804917420124070e+01 6.975341258703119252e+01 6.392143125417508998e+01 5.824966090749506265e+01 5.276458829029883901e+01 4.749030119150183538e+01 4.244597015022439024e+01 3.765262665253453633e+01 3.312593990683816259e+01 2.888011679854440672e+01 2.492593865021737187e+01 2.127265110130757009e+01 1.792579500169096818e+01 1.488996109716319616e+01 1.216466386475778449e+01 9.746915483417161852e+00 7.632354083896098373e+00 5.812971767274999202e+00 4.279221955943379285e+00
5.637587923936855105e+01 6.220747819528833134e+01 6.817919130119798865e+01 7.426906229087518341e+01 8.044897487979596917e+01 8.667961003511419449e+01 9.287698739201053399e+01 9.867029732072582249e+01 1.000000000000000000e+02 9.786625345461376924e+01 9.188558417774630982e+01 8.562790523723131741e+01 7.937193396115826260e+01 7.319687358050370563e+01 6.714543686438429404e+01 6.125010386585347533e+01 5.554160691294689656e+01 5.004352158996363187e+01 4.478010649182604652e+01 3.977077885296975523e+01 3.503295944341866175e+01 3.058272580198685375e+01 2.643256838968454048e+01 2.259173035811028285e+01 1.906770724555132546e+01 1.586336883686690946e+01 1.298130558555399361e+01 1.041900139124745195e+01 8.172401723595479339e+00 6.233627686945153457e+00 4.593828702768432137e+00
5.108711339243130567e+01 5.695122405726822024e+01 6.298334628000692703e+01 6.916256917976950547e+01 7.546130746892058028e+01 8.184851841038242526e+01 8.827155062250025708e+01 9.460931630210410503e+01 9.995015402295709350e+01 1.000000000000000000e+02 9.568419006966657037e+01 8.936362484903391135e+01 8.293797582166510551e+01 7.656490216728275300e+01 7.030417728618526496e+01 6.419519784223251690e+01 5.826988483974349009e+01 5.255596862472584974e+01 4.707853540423811012e+01 4.185917558484661782e+01 3.691696037682091713e+01 3.226676532600453129e+01 2.792502211822801428e+01 2.390034836536221263e+01 2.020064313628723340e+01 1.683142037060591889e+01 1.379510533558989671e+01 1.108965422965349035e+01 8.711327431590444093e+00 6.654450613775264145e+00 4.909161793539151830e+00
4.601572134063622599e+01 5.189719421876690575e+01 5.797585673988125876e+01 6.422955724004479805e+01 7.063099725032415677e+01 7.714826953413367505e+01 8.374035221768183135e+01 9.034121969536263919e+01 9.674381794430374271e+01 1.000000000000000000e+02 9.903081839517685125e+01 9.294900006704209261e+01 8.639715782205144023e+01 7.984330338189658960e+01 7.338523899374908410e+01 6.707186178287851419e+01 6.093950977604121277e+01 5.501806377037905804e+01 4.933446738901224649e+01 4.391118707144362787e+01 3.876979904013361278e+01 3.392630123403264264e+01 2.939679951467122265e+01 2.519228859011154498e+01 2.132188383371785889e+01 1.779074445495728440e+01 1.460150630745247113e+01 1.175567752298889346e+01 9.248362175980862077e+00 7.073396194158676487e+00 5.223965093411598204e+00
4.119170603978553657e+01 4.707376799056066830e+01 5.318490102329258207e+01 5.949786555684081435e+01 6.598453782835551351e+01 7.261298081922056724e+01 7.934700859320371080e+01 8.613440337349258868e+01 9.287622397506298455e+01 9.908744782528971484e+01 1.000000000000000000e+02 9.631179251123184315e+01 8.972641694217281838e+01 8.301726661553107078e+01 7.637569477059541612e+01 6.986991078276008693e+01 6.354076401721261647e+01 5.742037953698263664e+01 5.153808145634553028e+01 4.591907006732546392e+01 4.058521359759367186e+01 3.555502248343967153e+01 3.084327124633851014e+01 2.646399136962835996e+01 2.242679187910076166e+01 1.873735731802528193e+01 1.540023527209134535e+01 1.241511087126028201e+01 9.780484506707820103e+00 7.490317260214429673e+00 5.537060247648173394e+00
3.663784415903027281e+01 4.250527504062758055e+01 4.863155029690627629e+01 5.498804629582585335e+01 6.154461796197890067e+01 6.826884562200238804e+01 7.512258784835442782e+01 8.206078546005124963e+01 8.901723533281347045e+01 9.581720693150016643e+01 1.000000000000000000e+02 9.921393418619418014e+01 9.289888287525602095e+01 8.607300219699472166e+01 7.926617528588189998e+01 7.257856969364581801e+01 6.606165234799502173e+01 5.975233693095313470e+01 5.368146681217731242e+01 4.787494417470609420e+01 4.235660000352229559e+01 3.714633476735642859e+01 3.225907241858204344e+01 2.771135152508157518e+01 2.351189099373733882e+01 1.966883533312814336e+01 1.618683398357489978e+01 1.306631591767622957e+01 1.030692071273035992e+01 7.902584420133029752e+00 5.847660328945536889e+00
3.237465037926362754e+01 3.820886223814652283e+01 4.433451479363797887e+01 5.072159146524639795e+01 5.733258893277898238e+01 6.413515660041083777e+01 7.109009560666021343e+01 7.815507110111408906e+01 8.527469851544621804e+01 9.235130943585872387e+01 9.891839194386292888e+01 1.000000000000000000e+02 9.586538576107838594e+01 8.899497175521136683e+01 8.204231787410654420e+01 7.518858456344645447e+01 6.849631037864234884e+01 6.200881901247898753e+01 5.575891479918361426e+01 4.977408608179112548e+01 4.407894334557293803e+01 3.869529022855220290e+01 3.364073574226505059e+01 2.892915792457166901e+01 2.457373859889360190e+01 2.058142858900230365e+01 1.695867682992509984e+01 1.370677389298348103e+01 1.082498577657639061e+01 8.309974038502543792e+00 6.154447923102490670e+00
2.841914481971364737e+01 3.420237138360726448e+01 4.030992980612047205e+01 4.670799338316538041e+01 5.335951368240241521e+01 6.022620066401683658e+01 6.726723960932812929e+01 7.444026530829694366e+01 8.169372951425890506e+01 8.895800190374106364e+01 9.603741142382733642e+01 1.000000000000000000e+02 9.850328632896076897e+01 9.176468317926885732e+01 8.469601904885153942e+01 7.769130019883927218e+01 7.083694663307964845e+01 6.418095480851636125e+01 5.776198628076245711e+01 5.160785880157548178e+01 4.574589892842050176e+01 4.019741474367899059e+01 3.498146575206894227e+01 3.011428337491231133e+01 2.560866304680410366e+01 2.147250188262191983e+01 1.771386085108857955e+01 1.433460467919738335e+01 1.133394318378162424e+01 8.710135001579555336e+00 6.456838277074538723e+00
2.478139217124471116e+01 3.049399882558810759e+01 3.656848685780336439e+01 4.296384112545405998e+01 4.963843447445221102e+01 5.655292920729322503e+01 6.366407716010715490e+01 7.092798809761164591e+01 7.829581427601203814e+01 8.570584997706649233e+01 9.304302066166079044e+01 9.961004609719945790e+01 1.000000000000000000e+02 9.435936068683730582e+01 8.721900619745312611e+01 8.007835769779175905e+01 7.307337631965475566e+01 6.626309579031767782e+01 5.968543230070604011e+01 5.337249465115876035e+01 4.735214040815446168e+01 4.164752531185376938e+01 3.627931155959947063e+01 3.126270704870048789e+01 2.661323355931465429e+01 2.233998082959936937e+01 1.844993655378974751e+01 1.494668072764949684e+01 1.183194579855672046e+01 9.102423181478002334e+00 6.754188680678807621e+00
2.146665202890617508e+01 2.709123521795632072e+01 3.311492451367360701e+01 3.949074959200586932e+01 4.617621245481476677e+01 5.312389588272434793e+01 6.028991846817284284e+01 6.762944050983564637e+01 7.509145979066295240e+01 8.262310193793489077e+01 9.013312648763833579e+01 9.735139902395414424e+01 1.000000000000000000e+02 9.673976499421819142e+01 8.959668883335487521e+01 8.234370418459801044e+01 7.520319439238282655e+01 6.824773830850026002e+01 6.152367736598019121e+01 5.506235972302477677e+01 4.889417544829785811e+01 4.304233985919836414e+01 3.752858324537493218e+01 3.237117702234913708e+01 2.758481400729582234e+01 2.317937327672930792e+01 1.916451460441743748e+01 1.554260786661210147e+01 1.231700714891666948e+01 9.485903537326933588e+00 7.044650902997007691e+00
1.847486354371720196e+01 2.399398127389560287e+01 2.995181572014846694e+01 3.629459711695689350e+01 4.297551837951512255e+01 4.994476657427961896e+01 5.715214546814992502e+01 6.455240632169015669e+01 7.209418173724917267e+01 7.972261436421401015e+01 8.736882503274210876e+01 9.486754170843016709e+01 1.000000000000000000e+02 9.880573438937493336e+01 9.182901541735513717e+01 8.448307097615160899e+01 7.721931332311564233e+01 7.013325558530293335e+01 6.327243941349360767e+01 5.667337005000842254e+01 5.036537709329906676e+01 4.437693516049028375e+01 3.872744820940475563e+01 3.343640383333305266e+01 2.852037624206975508e+01 2.398996703240068484e+01 1.985507955621476128e+01 1.612008456694503522e+01 1.278801503581425969e+01 9.858459193357649752e+00 7.328821213354908437e+00
1.580117587146698810e+01 2.119883455855629961e+01 2.707738969254244310e+01 3.337409653408510479e+01 4.003873372551619525e+01 4.701427203728840709e+01 5.425183493342811403e+01 6.169936830032933983e+01 6.930542749189345386e+01 7.701765802297305186e+01 8.477041155512365833e+01 9.244747042117379010e+01 9.942786018126173531e+01 1.000000000000000000e+02 9.389454362634481299e+01 8.648725734499012674e+01 7.911688899110531281e+01 7.191490023816541566e+01 6.492644469722496581e+01 5.820028081380142027e+01 5.176414836834952382e+01 4.564725733085558090e+01 3.987099659503147109e+01 3.445478180258139389e+01 2.941667152223743642e+01 2.476845267754529445e+01 2.051984266720084804e+01 1.667679473095972043e+01 1.324365196778858333e+01 1.021986059373535305e+01 7.586259345017243305e+00
1.343597328471634000e+01 1.869840003207633572e+01 2.448462515943661089e+01 3.072693697413253489e+01 3.736276177930346876e+01 4.433491765706823173e+01 5.158842087227576201e+01 5.906993167029285274e+01 6.672866107227062571e+01 7.451015422662727872e+01 8.234919493223314646e+01 9.015840247993884304e+01 9.762888790643636128e+01 1.000000000000000000e+02 9.578321424769038117e+01 8.835730668487217088e+01 8.089424122638030212e+01 7.358297476265381931e+01 6.648341085325168365e+01 5.964220058770732891e+01 5.308722280041474306e+01 4.685222054247996226e+01 4.095818600932550169e+01 3.542558023341467788e+01 3.027310326940084906e+01 2.551357981422399490e+01 2.115779972798727115e+01 1.721292051171444726e+01 1.368302244036304671e+01 1.056908403184169032e+01 7.832276417736250274e+00
1.136559936746124322e+01 1.648175032802944173e+01 2.216653671937212167e+01 2.834294133475475519e+01 3.494176637652570605e+01 4.190024448362061804e+01 4.916167784887520753e+01 5.666999444406193476e+01 6.436769275573011839e+01 7.220367167130387998e+01 8.011443206683117069e+01 8.802147326152338280e+01 9.573295956608170343e+01 1.000000000000000000e+02 9.746775659042671691e+01 9.008435407447782950e+01 8.254699137786738561e+01 7.514158341743649316e+01 6.794206821456401713e+01 6.099155288592547919e+01 5.433389821337073755e+01 4.798880727225866849e+01 4.198425897759294401e+01 3.634444519005081276e+01 3.108600021406872216e+01 2.622255897974277161e+01 2.176624051661945103e+01 1.772556567121381477e+01 1.410379768738176942e+01 1.090481414713055841e+01 8.084183149647151012e+00
9.573537594192316647e+00 1.453386213281551065e+01 2.011023661584597733e+01 2.621507689850620793e+01 3.276796695917759905e+01 3.970673825131589041e+01 4.696574026858873907e+01 5.448811775912689370e+01 6.221734446042401601e+01 7.009552246250851226e+01 7.806420155295363372e+01 8.605100186160183284e+01 9.391320258849357572e+01 1.000000000000000000e+02 9.889835226781841016e+01 9.166815025760897129e+01 8.407294325126244416e+01 7.658368759519956370e+01 6.929417609047156645e+01 6.225256311018626576e+01 5.549553172034192983e+01 4.905293738697105255e+01 4.295040239757854295e+01 3.721199037894113104e+01 3.185511587969342884e+01 2.689451692944063765e+01 2.234426574593474513e+01 1.821307781703168516e+01 1.450629356436764539e+01 1.122670666538470030e+01 8.325921392775015306e+00
8.038588212111207554e+00 1.283901800493988432e+01 1.830455099484311532e+01 2.433121164810385650e+01 3.083476724668449265e+01 3.774446770168423626e+01 4.499695268326325959e+01 5.252525667744458815e+01 6.027596023229390454e+01 6.818618639279391402e+01 7.620046867362654552e+01 8.424920712015168078e+01 9.221998768242303868e+01 9.946642387593591650e+01 9.990770296142778761e+01 9.310765802314413975e+01 8.547063924644781707e+01 7.791208443807506967e+01 7.054419177594202495e+01 6.341544191463424340e+01 5.657433701231584422e+01 5.004200252594996812e+01 4.385039234937132591e+01 3.802188186551639149e+01 3.257599910112680419e+01 2.752800894097130424e+01 2.289154392208556743e+01 1.867500003847231227e+01 1.488801785836545477e+01 1.153340257717932005e+01 8.574040567274110458e+00
6.740301938084980904e+00 1.137943522792513917e+01 1.673220191312492133e+01 2.267951097975905483e+01 2.913148601928634562e+01 3.600956373816023159e+01 4.324688395032465849e+01 5.077496961722517455e+01 5.853682744822210537e+01 6.646977646585328614e+01 7.452283807061949972e+01 8.262203763528192724e+01 9.067064971189390121e+01 9.829005332805652984e+01 1.000000000000000000e+02 9.440164930538689703e+01 8.674151142604432607e+01 7.912399671730582895e+01 7.168643252096715912e+01 6.448802455051476556e+01 5.756804231658425408e+01 5.095770309814832899e+01 4.468587150256225726e+01 3.877501367142990318e+01 3.324838875932732662e+01 2.811898854504087808e+01 2.340408058620070264e+01 1.911175750324466449e+01 1.525033645257139980e+01 1.181026219345511308e+01 8.822806737668976496e+00
5.656133032256638771e+00 1.013677448211517351e+01 1.537697548300351968e+01 2.124610750676523452e+01 2.764563680203547946e+01 3.448932093746551431e+01 4.170781878083334959e+01 4.923030341402316878e+01 5.699999546089139812e+01 6.495218648575318809e+01 7.302829602630045258e+01 8.116327028996101944e+01 8.927227863139717101e+01 9.708690108113457029e+01 1.000000000000000000e+02 9.554573375751778030e+01 8.788314174602355422e+01 8.021718064815715366e+01 7.272348442663387402e+01 6.546174961969943240e+01 5.847437348798258938e+01 5.179604140631202114e+01 4.545294116908041815e+01 3.947063628586955275e+01 3.387192390972852962e+01 2.866945045163278394e+01 2.388243410543632450e+01 1.951978017701187085e+01 1.558952527965173829e+01 1.205952459328675275e+01 9.036149626065215656e+00
4.762115450393345384e+00 9.091223390517011893e+00 1.422575654913306131e+01 2.001989487975724913e+01 2.636551281611751918e+01 3.317476442029077788e+01 4.037071706618270639e+01 4.788605800306962834e+01 5.565496700118008988e+01 6.361587171881739522e+01 7.171250317766882176e+01 7.987385302969349254e+01 8.802732033140615897e+01 9.596491498006764687e+01 1.000000000000000000e+02 9.654441800595705558e+01 8.889876388150952380e+01 8.119633987248013796e+01 7.365410060499509370e+01 6.633888894114041079e+01 5.929621780194540293e+01 5.255761739610898786e+01 4.615387760224140123e+01 4.010795563444033007e+01 3.444296557237749568e+01 2.917637203516546407e+01 2.432470669308397504e+01 1.989822936092001626e+01 1.590640152723503675e+01 1.230937076754963222e+01 9.236233851021612651e+00
4.037488007847755966e+00 8.225097904555688899e+00 1.326118273608388698e+01 1.898457163880669185e+01 2.528126347573821420e+01 3.205488582923394603e+01 3.923055698558679438e+01 4.673371474334343390e+01 5.449776938835175599e+01 6.246493251214986486e+01 7.057096609947643628e+01 7.875461251557953801e+01 8.693725886165819361e+01 9.495601835386526091e+01 1.000000000000000000e+02 9.739723260217111545e+01 8.978660805898289254e+01 8.205918623910888243e+01 7.447845878533105690e+01 6.711958939919649936e+01 6.003006421524580105e+01 5.323892204831629726e+01 4.678638675714791617e+01 4.068618148770551812e+01 3.496505620434037098e+01 2.964205286144314755e+01 2.473243020879888476e+01 2.024851355381613871e+01 1.618881861429157709e+01 1.256291988197525455e+01 9.422810499173939647e+00
3.462184591930284050e+00 7.520969714357828018e+00 1.246952481832093085e+01 1.812904130008373826e+01 2.438010551427862538e+01 3.112280857790349486e+01 3.827516815190262633e+01 4.576268463197435921e+01 5.351955218645083789e+01 6.148605189829194728e+01 6.959843660041556745e+01 7.779496674641835341e+01 8.600055139892153022e+01 9.407422566586684809e+01 1.000000000000000000e+02 9.810087677630630765e+01 9.055383808916043620e+01 8.280488535623634050e+01 7.519686335193721050e+01 6.780478489365988537e+01 6.067757953562193762e+01 5.384684085230403383e+01 4.734741743717879814e+01 4.120307407915378661e+01 3.543386532913117293e+01 3.006220465582691759e+01 2.510260774091397451e+01 2.056758093139634624e+01 1.643202334860139757e+01 1.280393043663574559e+01 9.596657914413064816e+00
3.015198306254207594e+00 6.963321210165418051e+00 1.183640917610527765e+01 1.744219359027372462e+01 2.365354647138318001e+01 3.036442742182937593e+01 3.749542256594741474e+01 4.496980573260728420e+01 5.271811155157192275e+01 6.068022903016650105e+01 6.879320442704681682e+01 7.699454614809158670e+01 8.521024000560302625e+01 9.332116669087248795e+01 1.000000000000000000e+02 9.867349361767226412e+01 9.119627492702242932e+01 8.343861416937205888e+01 7.580995910165751184e+01 6.839090174230368291e+01 6.123684553447332490e+01 5.437633773526271597e+01 4.784137931501503971e+01 4.165821246491000807e+01 3.585059276502298076e+01 3.043730481479317618e+01 2.543499703361143816e+01 2.084579720787306201e+01 1.666688074040192191e+01 1.300609340854319562e+01 9.757384860135109861e+00
